0.0	-25.6
0.00025	-25.6
0.0005	-25.6
0.00075	-25.6
0.001	-25.6
0.00125	-25.6
0.0015	-25.6
0.00175	-25.6
0.002	-25.6
0.00225	-25.6
0.0025	-25.6
0.00275	-8.4
0.003	-8.4
0.00325	-8.2
0.0035	-8.4
0.00375	-8.4
0.004	-8.4
0.00425	-8.4
0.0045	-8.2
0.00475	-8.2
0.005	-8.2
0.00525	-8.2
0.0055	-8.2
0.00575	-8.2
0.006	-8.2
0.00625	-8.2
0.0065	-8.2
0.00675	-8.2
0.007	-8.2
0.00725	-8.4
0.0075	-8.2
0.00775	-8.4
0.008	-8.2
0.00825	-8.2
0.0085	-8.2
0.00875	-8.0
0.009	-8.2
0.00925	-8.2
0.0095	-8.2
0.00975	-8.2
0.01	-8.0
0.01025	-8.0
0.0105	-8.0
0.01075	-8.0
0.011	-8.2
0.01125	-8.0
0.0115	-8.0
0.01175	-8.0
0.012	-8.0
0.01225	-8.2
0.0125	-8.0
0.01275	-8.0
0.013	-8.0
0.01325	-7.8
0.0135	-7.8
0.01375	-7.8
0.014	-7.8
0.01425	-7.8
0.0145	-7.8
0.01475	-7.8
0.015	-7.8
0.01525	-7.8
0.0155	-7.6
0.01575	-7.8
0.016	-7.6
0.01625	-7.6
0.0165	-7.6
0.01675	-7.6
0.017	-7.4
0.01725	-7.6
0.0175	-7.6
0.01775	-7.4
0.018	-7.4
0.01825	-7.6
0.0185	-7.6
0.01875	-7.4
0.019	-7.2
0.01925	-7.4
0.0195	-7.2
0.01975	-7.2
0.02	-7.2
0.02025	-7.0
0.0205	-7.0
0.02075	-7.0
0.021	-6.8
0.02125	-6.8
0.0215	-6.6
0.02175	-6.6
0.022	-6.6
0.02225	-6.6
0.0225	-6.4
0.02275	-6.4
0.023	-6.2
0.02325	-6.4
0.0235	-6.2
0.02375	-6.2
0.024	-6.2
0.02425	-6.2
0.0245	-6.0
0.02475	-6.0
0.025	-6.2
0.02525	-5.8
0.0255	-5.8
0.02575	-5.6
0.026	-5.6
0.02625	-5.4
0.0265	-5.4
0.02675	-5.6
0.027	-5.4
0.02725	-5.4
0.0275	-5.4
0.02775	-5.2
0.028	-5.2
0.02825	-5.0
0.0285	-5.0
0.02875	-5.0
0.029	-5.0
0.02925	-5.0
0.0295	-4.8
0.02975	-5.0
0.03	-4.8
0.03025	-4.6
0.0305	-4.6
0.03075	-4.6
0.031	-4.4
0.03125	-4.4
0.0315	-4.4
0.03175	-4.2
0.032	-4.2
0.03225	-4.2
0.0325	-4.2
0.03275	-4.2
0.033	-4.0
0.03325	-3.8
0.0335	-3.6
0.03375	-3.8
0.034	-3.6
0.03425	-3.4
0.0345	-3.2
0.03475	-2.8
0.035	-2.4
0.03525	-1.8
0.0355	-1.0
0.03575	0.2
0.036	1.6
0.03625	3.6
0.0365	6.2
0.03675	8.4
0.037	9.6
0.03725	10.4
0.0375	10.4
0.03775	10.4
0.038	10.6
0.03825	10.4
0.0385	10.4
0.03875	10.6
0.039	10.4
0.03925	10.4
0.0395	10.4
0.03975	10.6
0.04	10.4
0.04025	10.4
0.0405	10.4
0.04075	10.4
0.041	10.4
0.04125	10.4
0.0415	10.6
0.04175	10.4
0.042	10.4
0.04225	10.4
0.0425	10.6
0.04275	10.6
0.043	10.6
0.04325	10.6
0.0435	10.4
0.04375	10.6
0.044	10.2
0.04425	10.4
0.0445	10.4
0.04475	10.4
0.045	10.2
0.04525	10.2
0.0455	10.0
0.04575	10.2
0.046	10.2
0.04625	10.2
0.0465	10.0
0.04675	10.0
0.047	9.8
0.04725	10.0
0.0475	9.8
0.04775	9.8
0.048	9.8
0.04825	9.8
0.0485	9.8
0.04875	9.6
0.049	9.6
0.04925	9.6
0.0495	9.6
0.04975	9.4
0.05	9.4
0.05025	9.4
0.0505	9.4
0.05075	9.6
0.051	9.4
0.05125	9.4
0.0515	9.2
0.05175	9.2
0.052	9.2
0.05225	9.2
0.0525	9.0
0.05275	9.2
0.053	9.0
0.05325	9.0
0.0535	9.0
0.05375	9.0
0.054	8.8
0.05425	9.0
0.0545	8.8
0.05475	8.8
0.055	8.8
0.05525	8.8
0.0555	8.8
0.05575	8.6
0.056	8.8
0.05625	8.6
0.0565	8.6
0.05675	8.6
0.057	8.6
0.05725	8.6
0.0575	8.6
0.05775	8.6
0.058	8.4
0.05825	8.4
0.0585	8.6
0.05875	8.4
0.059	8.4
0.05925	8.2
0.0595	8.4
0.05975	8.2
0.06	8.4
0.06025	8.2
0.0605	8.2
0.06075	8.0
0.061	8.0
0.06125	8.0
0.0615	8.2
0.06175	8.0
0.062	8.0
0.06225	8.0
0.0625	8.0
0.06275	8.0
0.063	8.0
0.06325	7.8
0.0635	7.8
0.06375	8.0
0.064	8.0
0.06425	8.0
0.0645	7.8
0.06475	7.8
0.065	8.0
0.06525	7.8
0.0655	7.6
0.06575	7.6
0.066	7.6
0.06625	7.6
0.0665	7.8
0.06675	7.6
0.067	7.6
0.06725	7.6
0.0675	7.6
0.06775	7.6
0.068	7.6
0.06825	7.6
0.0685	7.4
0.06875	7.4
0.069	7.6
0.06925	7.4
0.0695	7.4
0.06975	7.6
0.07	7.4
0.07025	7.4
0.0705	7.2
0.07075	7.2
0.071	7.4
0.07125	7.2
0.0715	7.4
0.07175	7.2
0.072	7.2
0.07225	7.2
0.0725	7.0
0.07275	7.0
0.073	7.0
0.07325	7.0
0.0735	7.0
0.07375	7.0
0.074	7.0
0.07425	7.0
0.0745	7.0
0.07475	7.0
0.075	7.0
0.07525	6.8
0.0755	7.0
0.07575	7.0
0.076	6.8
0.07625	6.8
0.0765	6.8
0.07675	6.8
0.077	6.8
0.07725	6.6
0.0775	6.8
0.07775	6.6
0.078	6.8
0.07825	6.8
0.0785	6.6
0.07875	6.8
0.079	6.8
0.07925	6.6
0.0795	6.6
0.07975	6.6
0.08	6.6
0.08025	6.4
0.0805	6.6
0.08075	6.4
0.081	6.6
0.08125	6.4
0.0815	6.4
0.08175	6.4
0.082	6.4
0.08225	6.4
0.0825	6.4
0.08275	6.4
0.083	6.4
0.08325	6.4
0.0835	6.4
0.08375	6.4
0.084	6.4
0.08425	6.4
0.0845	6.2
0.08475	6.2
0.085	6.4
0.08525	6.2
0.0855	6.2
0.08575	6.0
0.086	6.2
0.08625	6.2
0.0865	6.2
0.08675	6.0
0.087	6.2
0.08725	6.2
0.0875	6.2
0.08775	6.2
0.088	6.2
0.08825	6.0
0.0885	6.0
0.08875	5.8
0.089	6.0
0.08925	6.0
0.0895	5.8
0.08975	6.0
0.09	5.8
0.09025	6.0
0.0905	5.8
0.09075	6.0
0.091	6.0
0.09125	5.8
0.0915	5.8
0.09175	5.8
0.092	5.8
0.09225	6.0
0.0925	5.8
0.09275	5.8
0.093	5.8
0.09325	5.8
0.0935	5.8
0.09375	5.8
0.094	5.8
0.09425	5.8
0.0945	5.8
0.09475	5.6
0.095	5.8
0.09525	5.8
0.0955	5.6
0.09575	5.8
0.096	5.6
0.09625	5.6
0.0965	5.6
0.09675	5.6
0.097	5.6
0.09725	5.6
0.0975	5.6
0.09775	5.6
0.098	5.6
0.09825	5.6
0.0985	5.6
0.09875	5.4
0.099	5.4
0.09925	5.4
0.0995	5.2
0.09975	5.0
0.1	4.4
0.10025	4.2
0.1005	3.4
0.10075	2.4
0.101	1.4
0.10125	0.0
0.1015	-0.8
0.10175	-0.8
0.102	-1.0
0.10225	-1.0
0.1025	-1.0
0.10275	-1.2
0.103	-1.4
0.10325	-1.2
0.1035	-1.4
0.10375	-1.4
0.104	-1.6
0.10425	-1.8
0.1045	-1.8
0.10475	-2.0
0.105	-2.0
0.10525	-2.0
0.1055	-2.0
0.10575	-2.2
0.106	-2.4
0.10625	-2.4
0.1065	-2.4
0.10675	-2.6
0.107	-2.6
0.10725	-2.8
0.1075	-2.8
0.10775	-3.0
0.108	-3.0
0.10825	-3.0
0.1085	-3.2
0.10875	-3.2
0.109	-3.2
0.10925	-3.6
0.1095	-3.6
0.10975	-3.6
0.11	-3.8
0.11025	-3.8
0.1105	-4.0
0.11075	-4.0
0.111	-4.0
0.11125	-4.2
0.1115	-4.4
0.11175	-4.4
0.112	-4.4
0.11225	-4.4
0.1125	-4.6
0.11275	-4.8
0.113	-4.8
0.11325	-4.8
0.1135	-5.2
0.11375	-5.0
0.114	-5.2
0.11425	-5.2
0.1145	-5.2
0.11475	-5.4
0.115	-5.4
0.11525	-5.6
0.1155	-5.6
0.11575	-5.6
0.116	-5.6
0.11625	-5.8
0.1165	-6.0
0.11675	-6.0
0.117	-6.2
0.11725	-6.2
0.1175	-6.4
0.11775	-6.4
0.118	-6.4
0.11825	-6.4
0.1185	-6.4
0.11875	-6.6
0.119	-6.6
0.11925	-6.6
0.1195	-6.8
0.11975	-6.8
0.12	-6.8
0.12025	-6.8
0.1205	-6.8
0.12075	-7.0
0.121	-7.2
0.12125	-7.0
0.1215	-7.0
0.12175	-7.2
0.122	-7.2
0.12225	-7.4
0.1225	-7.2
0.12275	-7.4
0.123	-7.4
0.12325	-7.4
0.1235	-7.4
0.12375	-7.4
0.124	-7.6
0.12425	-7.6
0.1245	-7.6
0.12475	-7.8
0.125	-7.6
0.12525	-7.8
0.1255	-7.8
0.12575	-7.8
0.126	-7.8
0.12625	-7.8
0.1265	-7.8
0.12675	-7.8
0.127	-7.8
0.12725	-8.0
0.1275	-7.8
0.12775	-7.8
0.128	-8.0
0.12825	-8.0
0.1285	-8.0
0.12875	-8.0
0.129	-8.0
0.12925	-8.2
0.1295	-8.2
0.12975	-8.2
0.13	-8.2
0.13025	-8.0
0.1305	-8.2
0.13075	-8.4
0.131	-8.2
0.13125	-8.2
0.1315	-8.2
0.13175	-8.2
0.132	-8.4
0.13225	-8.2
0.1325	-8.2
0.13275	-8.2
0.133	-8.4
0.13325	-8.2
0.1335	-8.2
0.13375	-8.4
0.134	-8.2
0.13425	-8.4
0.1345	-8.2
0.13475	-8.4
0.135	-8.4
0.13525	-8.4
0.1355	-8.4
0.13575	-8.4
0.136	-8.4
0.13625	-8.2
0.1365	-8.4
0.13675	-8.4
0.137	-8.4
0.13725	-8.4
0.1375	-8.4
0.13775	-8.4
0.138	-8.4
0.13825	-8.4
0.1385	-8.4
0.13875	-8.4
0.139	-8.4
0.13925	-8.4
0.1395	-8.2
0.13975	-8.4
0.14	-8.2
0.14025	-8.4
0.1405	-8.2
0.14075	-8.2
0.141	-8.4
0.14125	-8.2
0.1415	-8.4
0.14175	-8.2
0.142	-8.2
0.14225	-8.2
0.1425	-8.2
0.14275	-8.2
0.143	-8.2
0.14325	-8.2
0.1435	-8.2
0.14375	-8.2
0.144	-8.2
0.14425	-8.4
0.1445	-8.2
0.14475	-8.0
0.145	-8.2
0.14525	-8.2
0.1455	-8.2
0.14575	-8.2
0.146	-8.2
0.14625	-8.2
0.1465	-8.2
0.14675	-8.0
0.147	-8.0
0.14725	-8.0
0.1475	-8.0
0.14775	-8.0
0.148	-8.0
0.14825	-8.0
0.1485	-8.0
0.14875	-8.0
0.149	-7.8
0.14925	-8.0
0.1495	-7.8
0.14975	-7.8
0.15	-7.8
0.15025	-7.8
0.1505	-7.8
0.15075	-7.8
0.151	-7.8
0.15125	-7.8
0.1515	-7.8
0.15175	-7.6
0.152	-7.6
0.15225	-7.6
0.1525	-7.8
0.15275	-7.6
0.153	-7.6
0.15325	-7.6
0.1535	-7.6
0.15375	-7.4
0.154	-7.4
0.15425	-7.4
0.1545	-7.4
0.15475	-7.4
0.155	-7.2
0.15525	-7.2
0.1555	-7.2
0.15575	-7.2
0.156	-7.2
0.15625	-7.2
0.1565	-7.0
0.15675	-6.8
0.157	-6.8
0.15725	-6.8
0.1575	-6.8
0.15775	-6.8
0.158	-6.6
0.15825	-6.6
0.1585	-6.4
0.15875	-6.6
0.159	-6.4
0.15925	-6.4
0.1595	-6.2
0.15975	-6.2
0.16	-6.2
0.16025	-6.2
0.1605	-6.2
0.16075	-6.0
0.161	-5.8
0.16125	-5.8
0.1615	-5.8
0.16175	-5.8
0.162	-5.8
0.16225	-5.6
0.1625	-5.4
0.16275	-5.6
0.163	-5.6
0.16325	-5.4
0.1635	-5.4
0.16375	-5.4
0.164	-5.2
0.16425	-5.2
0.1645	-5.2
0.16475	-5.0
0.165	-4.8
0.16525	-4.8
0.1655	-4.8
0.16575	-4.8
0.166	-5.0
0.16625	-4.6
0.1665	-4.6
0.16675	-4.6
0.167	-4.4
0.16725	-4.4
0.1675	-4.2
0.16775	-4.4
0.168	-4.2
0.16825	-4.2
0.1685	-4.2
0.16875	-4.0
0.169	-4.0
0.16925	-3.8
0.1695	-3.8
0.16975	-3.6
0.17	-3.4
0.17025	-3.4
0.1705	-3.4
0.17075	-3.2
0.171	-2.6
0.17125	-2.2
0.1715	-1.4
0.17175	-0.4
0.172	0.8
0.17225	2.8
0.1725	5.2
0.17275	7.6
0.173	9.2
0.17325	10.0
0.1735	10.4
0.17375	10.4
0.174	10.4
0.17425	10.4
0.1745	10.4
0.17475	10.4
0.175	10.4
0.17525	10.4
0.1755	10.4
0.17575	10.4
0.176	10.4
0.17625	10.4
0.1765	10.4
0.17675	10.4
0.177	10.4
0.17725	10.4
0.1775	10.4
0.17775	10.4
0.178	10.4
0.17825	10.4
0.1785	10.4
0.17875	10.4
0.179	10.4
0.17925	10.6
0.1795	10.4
0.17975	10.6
0.18	10.4
0.18025	10.4
0.1805	10.2
0.18075	10.4
0.181	10.2
0.18125	10.2
0.1815	10.2
0.18175	10.2
0.182	10.2
0.18225	10.2
0.1825	10.0
0.18275	10.0
0.183	10.0
0.18325	9.8
0.1835	9.8
0.18375	9.8
0.184	9.8
0.18425	9.6
0.1845	9.8
0.18475	9.8
0.185	9.6
0.18525	9.6
0.1855	9.6
0.18575	9.4
0.186	9.4
0.18625	9.4
0.1865	9.6
0.18675	9.4
0.187	9.2
0.18725	9.2
0.1875	9.2
0.18775	9.4
0.188	9.2
0.18825	9.2
0.1885	9.2
0.18875	9.0
0.189	9.0
0.18925	9.0
0.1895	8.8
0.18975	9.2
0.19	9.0
0.19025	9.0
0.1905	8.8
0.19075	9.0
0.191	8.8
0.19125	8.8
0.1915	8.8
0.19175	8.8
0.192	8.6
0.19225	8.8
0.1925	8.6
0.19275	8.6
0.193	8.6
0.19325	8.8
0.1935	8.6
0.19375	8.6
0.194	8.4
0.19425	8.6
0.1945	8.4
0.19475	8.4
0.195	8.4
0.19525	8.4
0.1955	8.4
0.19575	8.2
0.196	8.2
0.19625	8.2
0.1965	8.2
0.19675	8.0
0.197	8.2
0.19725	8.0
0.1975	8.2
0.19775	8.0
0.198	8.0
0.19825	8.0
0.1985	8.0
0.19875	8.0
0.199	7.8
0.19925	8.0
0.1995	8.0
0.19975	8.0
0.2	7.8
0.20025	7.8
0.2005	7.6
0.20075	7.8
0.201	7.8
0.20125	7.8
0.2015	7.6
0.20175	7.6
0.202	7.8
0.20225	7.6
0.2025	7.6
0.20275	7.6
0.203	7.6
0.20325	7.6
0.2035	7.6
0.20375	7.6
0.204	7.6
0.20425	7.6
0.2045	7.4
0.20475	7.4
0.205	7.4
0.20525	7.4
0.2055	7.2
0.20575	7.4
0.206	7.4
0.20625	7.6
0.2065	7.4
0.20675	7.4
0.207	7.2
0.20725	7.2
0.2075	7.2
0.20775	7.2
0.208	7.4
0.20825	7.0
0.2085	7.2
0.20875	7.0
0.209	7.2
0.20925	7.0
0.2095	7.2
0.20975	7.0
0.21	7.0
0.21025	7.0
0.2105	7.0
0.21075	7.0
0.211	7.0
0.21125	7.0
0.2115	7.0
0.21175	6.8
0.212	6.8
0.21225	6.8
0.2125	6.8
0.21275	6.8
0.213	6.8
0.21325	6.8
0.2135	6.8
0.21375	6.8
0.214	6.8
0.21425	6.6
0.2145	6.8
0.21475	6.6
0.215	6.6
0.21525	6.6
0.2155	6.4
0.21575	6.6
0.216	6.6
0.21625	6.6
0.2165	6.6
0.21675	6.6
0.217	6.6
0.21725	6.4
0.2175	6.4
0.21775	6.4
0.218	6.4
0.21825	6.4
0.2185	6.4
0.21875	6.4
0.219	6.4
0.21925	6.4
0.2195	6.4
0.21975	6.2
0.22	6.4
0.22025	6.2
0.2205	6.2
0.22075	6.4
0.221	6.4
0.22125	6.2
0.2215	6.4
0.22175	6.2
0.222	6.2
0.22225	6.2
0.2225	6.2
0.22275	6.2
0.223	6.0
0.22325	6.2
0.2235	6.2
0.22375	6.2
0.224	6.2
0.22425	6.0
0.2245	6.0
0.22475	6.0
0.225	6.0
0.22525	6.0
0.2255	5.8
0.22575	5.8
0.226	5.8
0.22625	6.0
0.2265	6.0
0.22675	5.8
0.227	6.0
0.22725	5.8
0.2275	6.0
0.22775	5.8
0.228	5.8
0.22825	5.8
0.2285	5.8
0.22875	5.8
0.229	5.8
0.22925	5.8
0.2295	5.8
0.22975	5.8
0.23	5.8
0.23025	5.8
0.2305	5.8
0.23075	5.8
0.231	5.8
0.23125	5.8
0.2315	5.6
0.23175	5.6
0.232	5.6
0.23225	5.8
0.2325	5.8
0.23275	5.6
0.233	5.6
0.23325	5.6
0.2335	5.6
0.23375	5.6
0.234	5.6
0.23425	5.6
0.2345	5.6
0.23475	5.2
0.235	5.6
0.23525	5.4
0.2355	5.0
0.23575	5.0
0.236	4.6
0.23625	4.2
0.2365	3.6
0.23675	3.0
0.237	2.0
0.23725	0.6
0.2375	-0.6
0.23775	-0.8
0.238	-0.8
0.23825	-1.0
0.2385	-1.0
0.23875	-1.2
0.239	-1.2
0.23925	-1.2
0.2395	-1.4
0.23975	-1.6
0.24	-1.6
0.24025	-1.6
0.2405	-1.8
0.24075	-1.8
0.241	-2.0
0.24125	-2.2
0.2415	-2.2
0.24175	-2.2
0.242	-2.2
0.24225	-2.4
0.2425	-2.4
0.24275	-2.6
0.243	-2.6
0.24325	-2.8
0.2435	-2.8
0.24375	-2.8
0.244	-3.0
0.24425	-3.0
0.2445	-3.2
0.24475	-3.2
0.245	-3.2
0.24525	-3.4
0.2455	-3.6
0.24575	-3.6
0.246	-3.6
0.24625	-3.8
0.2465	-3.8
0.24675	-4.0
0.247	-4.0
0.24725	-4.2
0.2475	-4.2
0.24775	-4.2
0.248	-4.4
0.24825	-4.6
0.2485	-4.6
0.24875	-4.8
0.249	-4.8
0.24925	-4.8
0.2495	-5.0
0.24975	-5.0
0.25	-5.2
0.25025	-5.2
0.2505	-5.2
0.25075	-5.4
0.251	-5.4
0.25125	-5.6
0.2515	-5.6
0.25175	-5.6
0.252	-5.6
0.25225	-5.8
0.2525	-5.8
0.25275	-6.0
0.253	-6.0
0.25325	-6.2
0.2535	-6.4
0.25375	-6.2
0.254	-6.4
0.25425	-6.4
0.2545	-6.6
0.25475	-6.6
0.255	-6.6
0.25525	-6.8
0.2555	-6.6
0.25575	-6.6
0.256	-6.6
0.25625	-6.6
0.2565	-7.0
0.25675	-6.8
0.257	-7.0
0.25725	-7.0
0.2575	-7.2
0.25775	-7.2
0.258	-7.2
0.25825	-7.2
0.2585	-7.2
0.25875	-7.4
0.259	-7.4
0.25925	-7.4
0.2595	-7.6
0.25975	-7.6
0.26	-7.6
0.26025	-7.6
0.2605	-7.8
0.26075	-7.6
0.261	-7.8
0.26125	-7.8
0.2615	-7.8
0.26175	-7.8
0.262	-7.8
0.26225	-7.8
0.2625	-7.6
0.26275	-7.8
0.263	-8.0
0.26325	-8.0
0.2635	-8.2
0.26375	-8.0
0.264	-8.0
0.26425	-8.0
0.2645	-8.0
0.26475	-8.0
0.265	-8.0
0.26525	-8.0
0.2655	-8.0
0.26575	-8.2
0.266	-8.2
0.26625	-8.0
0.2665	-8.2
0.26675	-8.2
0.267	-8.2
0.26725	-8.2
0.2675	-8.2
0.26775	-8.2
0.268	-8.2
0.26825	-8.2
0.2685	-8.4
0.26875	-8.4
0.269	-8.4
0.26925	-8.2
0.2695	-8.2
0.26975	-8.4
0.27	-8.2
0.27025	-8.2
0.2705	-8.4
0.27075	-8.2
0.271	-8.4
0.27125	-8.4
0.2715	-8.2
0.27175	-8.4
0.272	-8.2
0.27225	-8.4
0.2725	-8.4
0.27275	-8.2
0.273	-8.2
0.27325	-8.2
0.2735	-8.4
0.27375	-8.4
0.274	-8.4
0.27425	-8.4
0.2745	-8.4
0.27475	-8.4
0.275	-8.2
0.27525	-8.4
0.2755	-8.4
0.27575	-8.4
0.276	-8.2
0.27625	-8.2
0.2765	-8.4
0.27675	-8.2
0.277	-8.2
0.27725	-8.4
0.2775	-8.4
0.27775	-8.4
0.278	-8.4
0.27825	-8.0
0.2785	-8.2
0.27875	-8.2
0.279	-8.2
0.27925	-8.2
0.2795	-8.2
0.27975	-8.2
0.28	-8.2
0.28025	-8.2
0.2805	-8.2
0.28075	-8.2
0.281	-8.2
0.28125	-8.2
0.2815	-8.2
0.28175	-8.2
0.282	-8.0
0.28225	-8.0
0.2825	-8.2
0.28275	-8.2
0.283	-8.0
0.28325	-8.0
0.2835	-8.0
0.28375	-8.0
0.284	-8.2
0.28425	-7.8
0.2845	-8.0
0.28475	-8.0
0.285	-7.8
0.28525	-7.8
0.2855	-8.0
0.28575	-7.8
0.286	-7.8
0.28625	-8.0
0.2865	-7.8
0.28675	-7.6
0.287	-7.8
0.28725	-7.8
0.2875	-7.8
0.28775	-7.6
0.288	-7.8
0.28825	-7.6
0.2885	-7.6
0.28875	-7.6
0.289	-7.6
0.28925	-7.6
0.2895	-7.6
0.28975	-7.6
0.29	-7.4
0.29025	-7.6
0.2905	-7.4
0.29075	-7.4
0.291	-7.4
0.29125	-7.2
0.2915	-7.2
0.29175	-7.2
0.292	-7.2
0.29225	-7.0
0.2925	-7.2
0.29275	-7.2
0.293	-7.0
0.29325	-6.8
0.2935	-6.8
0.29375	-6.6
0.294	-6.6
0.29425	-6.6
0.2945	-6.4
0.29475	-6.6
0.295	-6.4
0.29525	-6.4
0.2955	-6.4
0.29575	-6.2
0.296	-6.0
0.29625	-6.2
0.2965	-6.2
0.29675	-6.0
0.297	-5.8
0.29725	-5.8
0.2975	-5.8
0.29775	-5.8
0.298	-5.8
0.29825	-5.6
0.2985	-5.6
0.29875	-5.4
0.299	-5.4
0.29925	-5.4
0.2995	-5.2
0.29975	-5.4
0.3	-5.4
0.30025	-5.2
0.3005	-5.0
0.30075	-5.0
0.301	-5.0
0.30125	-4.8
0.3015	-4.8
0.30175	-4.6
0.302	-4.8
0.30225	-4.8
0.3025	-4.6
0.30275	-4.4
0.303	-4.6
0.30325	-4.4
0.3035	-4.4
0.30375	-4.4
0.304	-4.2
0.30425	-4.4
0.3045	-4.2
0.30475	-4.2
0.305	-4.0
0.30525	-3.8
0.3055	-3.8
0.30575	-3.6
0.306	-3.6
0.30625	-3.4
0.3065	-3.4
0.30675	-3.0
0.307	-2.8
0.30725	-2.4
0.3075	-2.0
0.30775	-0.8
0.308	0.4
0.30825	1.8
0.3085	4.2
0.30875	6.8
0.309	8.6
0.30925	9.8
0.3095	10.2
0.30975	10.4
0.31	10.2
0.31025	10.4
0.3105	10.4
0.31075	10.4
0.311	10.4
0.31125	10.4
0.3115	10.4
0.31175	10.6
0.312	10.4
0.31225	10.4
0.3125	10.4
0.31275	10.4
0.313	10.4
0.31325	10.6
0.3135	10.4
0.31375	10.4
0.314	10.2
0.31425	10.4
0.3145	10.6
0.31475	10.4
0.315	10.4
0.31525	10.4
0.3155	10.4
0.31575	10.4
0.316	10.4
0.31625	10.4
0.3165	10.4
0.31675	10.2
0.317	10.2
0.31725	10.2
0.3175	10.2
0.31775	10.2
0.318	10.0
0.31825	10.0
0.3185	10.0
0.31875	9.8
0.319	10.0
0.31925	9.8
0.3195	9.8
0.31975	9.8
0.32	9.8
0.32025	9.8
0.3205	9.6
0.32075	9.8
0.321	9.8
0.32125	9.6
0.3215	9.6
0.32175	9.6
0.322	9.6
0.32225	9.6
0.3225	9.4
0.32275	9.4
0.323	9.4
0.32325	9.4
0.3235	9.2
0.32375	9.4
0.324	9.4
0.32425	9.2
0.3245	9.2
0.32475	9.2
0.325	9.0
0.32525	9.2
0.3255	9.0
0.32575	9.0
0.326	9.0
0.32625	9.0
0.3265	9.0
0.32675	9.0
0.327	8.8
0.32725	8.8
0.3275	8.8
0.32775	8.8
0.328	8.8
0.32825	8.6
0.3285	8.6
0.32875	8.6
0.329	8.6
0.32925	8.6
0.3295	8.4
0.32975	8.6
0.33	8.4
0.33025	8.6
0.3305	8.4
0.33075	8.4
0.331	8.4
0.33125	8.2
0.3315	8.2
0.33175	8.4
0.332	8.2
0.33225	8.2
0.3325	8.2
0.33275	8.0
0.333	8.0
0.33325	8.0
0.3335	8.2
0.33375	8.0
0.334	8.0
0.33425	8.0
0.3345	8.0
0.33475	8.0
0.335	8.0
0.33525	8.0
0.3355	8.0
0.33575	8.0
0.336	8.0
0.33625	7.8
0.3365	7.8
0.33675	7.8
0.337	7.8
0.33725	7.8
0.3375	7.6
0.33775	7.6
0.338	8.0
0.33825	7.6
0.3385	7.6
0.33875	7.6
0.339	7.6
0.33925	7.6
0.3395	7.4
0.33975	7.6
0.34	7.6
0.34025	7.6
0.3405	7.4
0.34075	7.4
0.341	7.4
0.34125	7.4
0.3415	7.4
0.34175	7.4
0.342	7.4
0.34225	7.4
0.3425	7.4
0.34275	7.2
0.343	7.2
0.34325	7.2
0.3435	7.2
0.34375	7.2
0.344	7.2
0.34425	7.2
0.3445	7.2
0.34475	7.2
0.345	7.0
0.34525	7.0
0.3455	7.0
0.34575	7.0
0.346	7.2
0.34625	7.0
0.3465	7.0
0.34675	7.0
0.347	7.0
0.34725	7.0
0.3475	7.0
0.34775	6.8
0.348	6.8
0.34825	7.0
0.3485	6.8
0.34875	7.0
0.349	6.8
0.34925	6.8
0.3495	6.8
0.34975	6.8
0.35	6.6
0.35025	6.8
0.3505	6.6
0.35075	6.8
0.351	6.8
0.35125	6.6
0.3515	6.6
0.35175	6.6
0.352	6.6
0.35225	6.8
0.3525	6.8
0.35275	6.6
0.353	6.6
0.35325	6.4
0.3535	6.4
0.35375	6.4
0.354	6.4
0.35425	6.4
0.3545	6.4
0.35475	6.4
0.355	6.4
0.35525	6.4
0.3555	6.4
0.35575	6.2
0.356	6.4
0.35625	6.4
0.3565	6.2
0.35675	6.2
0.357	6.4
0.35725	6.4
0.3575	6.2
0.35775	6.2
0.358	6.0
0.35825	6.0
0.3585	6.4
0.35875	6.0
0.359	6.0
0.35925	6.0
0.3595	6.2
0.35975	6.0
0.36	6.2
0.36025	6.2
0.3605	6.0
0.36075	5.8
0.361	6.0
0.36125	6.0
0.3615	5.8
0.36175	6.0
0.362	5.8
0.36225	5.8
0.3625	5.8
0.36275	6.0
0.363	6.0
0.36325	5.8
0.3635	5.8
0.36375	6.0
0.364	5.8
0.36425	5.8
0.3645	5.8
0.36475	5.8
0.365	5.8
0.36525	5.8
0.3655	5.8
0.36575	5.8
0.366	5.8
0.36625	5.8
0.3665	5.6
0.36675	5.6
0.367	5.8
0.36725	5.8
0.3675	5.6
0.36775	5.8
0.368	5.8
0.36825	5.8
0.3685	5.6
0.36875	5.6
0.369	5.6
0.36925	5.8
0.3695	5.6
0.36975	5.6
0.37	5.6
0.37025	5.6
0.3705	5.6
0.37075	5.6
0.371	5.6
0.37125	5.4
0.3715	5.2
0.37175	5.0
0.372	4.8
0.37225	4.4
0.3725	4.0
0.37275	3.4
0.373	2.6
0.37325	1.0
0.3735	-0.6
0.37375	-0.6
0.374	-0.8
0.37425	-1.0
0.3745	-1.0
0.37475	-1.0
0.375	-1.0
0.37525	-1.2
0.3755	-1.6
0.37575	-1.6
0.376	-1.4
0.37625	-1.6
0.3765	-1.8
0.37675	-1.8
0.377	-2.0
0.37725	-2.0
0.3775	-2.2
0.37775	-2.2
0.378	-2.2
0.37825	-2.4
0.3785	-2.4
0.37875	-2.6
0.379	-2.8
0.37925	-2.6
0.3795	-2.8
0.37975	-2.8
0.38	-3.0
0.38025	-3.0
0.3805	-3.2
0.38075	-3.2
0.381	-3.4
0.38125	-3.4
0.3815	-3.6
0.38175	-3.6
0.382	-3.8
0.38225	-3.6
0.3825	-3.8
0.38275	-3.8
0.383	-4.0
0.38325	-4.0
0.3835	-4.4
0.38375	-4.4
0.384	-4.4
0.38425	-4.4
0.3845	-4.6
0.38475	-4.6
0.385	-4.6
0.38525	-4.8
0.3855	-4.8
0.38575	-5.0
0.386	-5.0
0.38625	-5.2
0.3865	-5.4
0.38675	-5.4
0.387	-5.4
0.38725	-5.6
0.3875	-5.6
0.38775	-5.6
0.388	-5.8
0.38825	-5.8
0.3885	-5.8
0.38875	-5.8
0.389	-6.0
0.38925	-6.2
0.3895	-6.2
0.38975	-6.2
0.39	-6.4
0.39025	-6.4
0.3905	-6.4
0.39075	-6.4
0.391	-6.4
0.39125	-6.6
0.3915	-6.6
0.39175	-6.6
0.392	-6.8
0.39225	-6.8
0.3925	-6.8
0.39275	-7.0
0.393	-6.8
0.39325	-7.0
0.3935	-7.2
0.39375	-7.2
0.394	-7.4
0.39425	-7.2
0.3945	-7.2
0.39475	-7.4
0.395	-7.4
0.39525	-7.6
0.3955	-7.6
0.39575	-7.4
0.396	-7.6
0.39625	-7.6
0.3965	-7.6
0.39675	-7.6
0.397	-7.6
0.39725	-7.8
0.3975	-7.8
0.39775	-8.0
0.398	-7.8
0.39825	-7.8
0.3985	-8.0
0.39875	-8.0
0.399	-8.0
0.39925	-7.8
0.3995	-8.0
0.39975	-8.0
0.4	-8.0
0.40025	-8.0
0.4005	-8.0
0.40075	-7.8
0.401	-8.0
0.40125	-8.2
0.4015	-8.2
0.40175	-8.2
0.402	-8.0
0.40225	-8.0
0.4025	-8.2
0.40275	-8.2
0.403	-8.2
0.40325	-8.2
0.4035	-8.2
0.40375	-8.2
0.404	-8.2
0.40425	-8.2
0.4045	-8.2
0.40475	-8.2
0.405	-8.2
0.40525	-8.4
0.4055	-8.4
0.40575	-8.4
0.406	-8.4
0.40625	-8.2
0.4065	-8.4
0.40675	-8.4
0.407	-8.2
0.40725	-8.4
0.4075	-8.4
0.40775	-8.4
0.408	-8.4
0.40825	-8.2
0.4085	-8.4
0.40875	-8.4
0.409	-8.4
0.40925	-8.4
0.4095	-8.4
0.40975	-8.4
0.41	-8.4
0.41025	-8.4
0.4105	-8.4
0.41075	-8.4
0.411	-8.4
0.41125	-8.4
0.4115	-8.4
0.41175	-8.4
0.412	-8.4
0.41225	-8.4
0.4125	-8.4
0.41275	-8.2
0.413	-8.4
0.41325	-8.2
0.4135	-8.4
0.41375	-8.4
0.414	-8.2
0.41425	-8.2
0.4145	-8.4
0.41475	-8.2
0.415	-8.2
0.41525	-8.2
0.4155	-8.2
0.41575	-8.4
0.416	-8.2
0.41625	-8.4
0.4165	-8.2
0.41675	-8.2
0.417	-8.2
0.41725	-8.2
0.4175	-8.2
0.41775	-8.2
0.418	-8.0
0.41825	-8.2
0.4185	-8.0
0.41875	-8.0
0.419	-8.0
0.41925	-8.0
0.4195	-8.0
0.41975	-8.0
0.42	-8.0
0.42025	-8.0
0.4205	-8.0
0.42075	-7.8
0.421	-7.8
0.42125	-7.8
0.4215	-7.8
0.42175	-8.0
0.422	-7.8
0.42225	-8.0
0.4225	-7.8
0.42275	-7.8
0.423	-7.8
0.42325	-7.8
0.4235	-7.8
0.42375	-7.8
0.424	-7.8
0.42425	-7.6
0.4245	-7.6
0.42475	-7.6
0.425	-7.6
0.42525	-7.2
0.4255	-7.4
0.42575	-7.6
0.426	-7.6
0.42625	-7.4
0.4265	-7.4
0.42675	-7.4
0.427	-7.4
0.42725	-7.4
0.4275	-7.4
0.42775	-7.4
0.428	-7.2
0.42825	-7.2
0.4285	-7.0
0.42875	-7.0
0.429	-7.0
0.42925	-7.0
0.4295	-6.8
0.42975	-6.8
0.43	-6.6
0.43025	-6.6
0.4305	-6.4
0.43075	-6.4
0.431	-6.4
0.43125	-6.4
0.4315	-6.2
0.43175	-6.2
0.432	-6.2
0.43225	-6.2
0.4325	-6.2
0.43275	-6.0
0.433	-6.0
0.43325	-6.0
0.4335	-6.0
0.43375	-6.0
0.434	-5.6
0.43425	-5.6
0.4345	-5.6
0.43475	-5.6
0.435	-5.4
0.43525	-5.6
0.4355	-5.6
0.43575	-5.4
0.436	-5.4
0.43625	-5.2
0.4365	-5.0
0.43675	-5.0
0.437	-5.2
0.43725	-5.0
0.4375	-5.0
0.43775	-4.8
0.438	-4.8
0.43825	-4.6
0.4385	-4.8
0.43875	-4.8
0.439	-4.6
0.43925	-4.6
0.4395	-4.4
0.43975	-4.4
0.44	-4.4
0.44025	-4.4
0.4405	-4.2
0.44075	-4.2
0.441	-4.2
0.44125	-4.0
0.4415	-3.8
0.44175	-4.0
0.442	-3.6
0.44225	-3.6
0.4425	-3.6
0.44275	-3.2
0.443	-2.8
0.44325	-2.6
0.4435	-2.0
0.44375	-1.2
0.444	-0.2
0.44425	1.2
0.4445	3.0
0.44475	5.6
0.445	8.0
0.44525	9.2
0.4455	10.2
0.44575	10.4
0.446	10.4
0.44625	10.6
0.4465	10.4
0.44675	10.4
0.447	10.4
0.44725	10.4
0.4475	10.4
0.44775	10.4
0.448	10.4
0.44825	10.4
0.4485	10.4
0.44875	10.6
0.449	10.6
0.44925	10.4
0.4495	10.4
0.44975	10.6
0.45	10.4
0.45025	10.4
0.4505	10.4
0.45075	10.4
0.451	10.4
0.45125	10.4
0.4515	10.4
0.45175	10.6
0.452	10.4
0.45225	10.4
0.4525	10.4
0.45275	10.4
0.453	10.2
0.45325	10.2
0.4535	10.2
0.45375	10.2
0.454	10.2
0.45425	10.0
0.4545	10.0
0.45475	9.8
0.455	10.0
0.45525	10.0
0.4555	10.0
0.45575	9.8
0.456	9.8
0.45625	9.8
0.4565	9.6
0.45675	9.8
0.457	9.8
0.45725	9.6
0.4575	9.6
0.45775	9.6
0.458	9.6
0.45825	9.6
0.4585	9.4
0.45875	9.4
0.459	9.2
0.45925	9.4
0.4595	9.4
0.45975	9.4
0.46	9.2
0.46025	9.2
0.4605	9.2
0.46075	9.2
0.461	9.2
0.46125	9.0
0.4615	9.2
0.46175	9.0
0.462	9.0
0.46225	9.0
0.4625	9.2
0.46275	8.8
0.463	9.0
0.46325	8.8
0.4635	8.8
0.46375	8.8
0.464	8.6
0.46425	8.8
0.4645	8.6
0.46475	8.6
0.465	8.6
0.46525	8.6
0.4655	8.6
0.46575	8.6
0.466	8.6
0.46625	8.6
0.4665	8.2
0.46675	8.4
0.467	8.4
0.46725	8.4
0.4675	8.4
0.46775	8.4
0.468	8.2
0.46825	8.2
0.4685	8.2
0.46875	8.2
0.469	8.2
0.46925	8.2
0.4695	8.0
0.46975	8.0
0.47	8.2
0.47025	8.0
0.4705	8.0
0.47075	8.2
0.471	8.0
0.47125	8.0
0.4715	8.0
0.47175	8.0
0.472	7.8
0.47225	7.8
0.4725	8.0
0.47275	7.6
0.473	7.8
0.47325	7.8
0.4735	8.0
0.47375	7.8
0.474	7.6
0.47425	7.6
0.4745	7.6
0.47475	7.6
0.475	7.6
0.47525	7.6
0.4755	7.6
0.47575	7.6
0.476	7.6
0.47625	7.6
0.4765	7.6
0.47675	7.6
0.477	7.4
0.47725	7.4
0.4775	7.4
0.47775	7.6
0.478	7.4
0.47825	7.4
0.4785	7.4
0.47875	7.4
0.479	7.2
0.47925	7.2
0.4795	7.2
0.47975	7.2
0.48	7.2
0.48025	7.0
0.4805	7.2
0.48075	7.4
0.481	7.2
0.48125	7.0
0.4815	7.0
0.48175	7.0
0.482	7.2
0.48225	6.8
0.4825	7.0
0.48275	7.0
0.483	7.0
0.48325	7.0
0.4835	7.0
0.48375	7.0
0.484	6.8
0.48425	7.0
0.4845	7.0
0.48475	6.8
0.485	6.8
0.48525	6.8
0.4855	6.8
0.48575	6.8
0.486	6.8
0.48625	6.8
0.4865	6.8
0.48675	6.4
0.487	6.6
0.48725	6.8
0.4875	6.4
0.48775	6.6
0.488	6.6
0.48825	6.6
0.4885	6.6
0.48875	6.6
0.489	6.4
0.48925	6.4
0.4895	6.6
0.48975	6.4
0.49	6.4
0.49025	6.4
0.4905	6.4
0.49075	6.4
0.491	6.4
0.49125	6.4
0.4915	6.4
0.49175	6.2
0.492	6.4
0.49225	6.4
0.4925	6.4
0.49275	6.4
0.493	6.2
0.49325	6.2
0.4935	6.4
0.49375	6.2
0.494	6.2
0.49425	6.2
0.4945	6.0
0.49475	6.0
0.495	6.0
0.49525	6.0
0.4955	6.0
0.49575	6.2
0.496	6.0
0.49625	6.0
0.4965	6.0
0.49675	6.0
0.497	6.0
0.49725	6.0
0.4975	5.8
0.49775	6.0
0.498	5.8
0.49825	5.8
0.4985	6.0
0.49875	6.0
0.499	5.8
0.49925	5.8
0.4995	5.8
0.49975	5.8
0.5	5.8
0.50025	5.8
0.5005	6.0
0.50075	5.8
0.501	5.8
0.50125	5.8
0.5015	5.8
0.50175	5.8
0.502	5.8
0.50225	5.8
0.5025	5.8
0.50275	5.8
0.503	5.6
0.50325	5.8
0.5035	5.8
0.50375	5.8
0.504	5.8
0.50425	5.6
0.5045	5.6
0.50475	5.6
0.505	5.6
0.50525	5.6
0.5055	5.6
0.50575	5.6
0.506	5.6
0.50625	5.6
0.5065	5.6
0.50675	5.6
0.507	5.6
0.50725	5.4
0.5075	5.2
0.50775	5.0
0.508	4.8
0.50825	4.4
0.5085	4.2
0.50875	3.6
0.509	2.8
0.50925	1.8
0.5095	0.2
0.50975	-0.8
0.51	-0.8
0.51025	-0.8
0.5105	-0.8
0.51075	-1.0
0.511	-1.2
0.51125	-1.2
0.5115	-1.4
0.51175	-1.6
0.512	-1.4
0.51225	-1.6
0.5125	-1.6
0.51275	-1.8
0.513	-1.8
0.51325	-2.0
0.5135	-2.0
0.51375	-2.2
0.514	-2.2
0.51425	-2.4
0.5145	-2.4
0.51475	-2.4
0.515	-2.6
0.51525	-2.6
0.5155	-2.8
0.51575	-2.8
0.516	-2.8
0.51625	-3.0
0.5165	-3.2
0.51675	-3.2
0.517	-3.2
0.51725	-3.4
0.5175	-3.4
0.51775	-3.6
0.518	-3.6
0.51825	-3.6
0.5185	-4.0
0.51875	-3.8
0.519	-4.0
0.51925	-4.0
0.5195	-4.0
0.51975	-4.2
0.52	-4.4
0.52025	-4.6
0.5205	-4.4
0.52075	-4.6
0.521	-4.6
0.52125	-4.6
0.5215	-5.0
0.52175	-4.8
0.522	-5.0
0.52225	-5.2
0.5225	-5.2
0.52275	-5.4
0.523	-5.4
0.52325	-5.6
0.5235	-5.6
0.52375	-5.6
0.524	-5.6
0.52425	-5.8
0.5245	-5.8
0.52475	-6.0
0.525	-5.8
0.52525	-6.2
0.5255	-6.2
0.52575	-6.2
0.526	-6.2
0.52625	-6.4
0.5265	-6.4
0.52675	-6.4
0.527	-6.4
0.52725	-6.6
0.5275	-6.6
0.52775	-6.6
0.528	-6.8
0.52825	-6.8
0.5285	-7.0
0.52875	-6.8
0.529	-7.0
0.52925	-7.0
0.5295	-7.2
0.52975	-7.0
0.53	-7.2
0.53025	-7.4
0.5305	-7.2
0.53075	-7.2
0.531	-7.4
0.53125	-7.4
0.5315	-7.4
0.53175	-7.6
0.532	-7.6
0.53225	-7.4
0.5325	-7.6
0.53275	-7.6
0.533	-7.6
0.53325	-7.8
0.5335	-7.6
0.53375	-7.8
0.534	-7.8
0.53425	-7.8
0.5345	-7.8
0.53475	-7.8
0.535	-7.8
0.53525	-8.0
0.5355	-7.8
0.53575	-8.0
0.536	-8.2
0.53625	-8.0
0.5365	-8.0
0.53675	-8.2
0.537	-8.0
0.53725	-8.0
0.5375	-8.2
0.53775	-8.0
0.538	-8.2
0.53825	-8.2
0.5385	-8.2
0.53875	-8.2
0.539	-8.2
0.53925	-8.2
0.5395	-8.2
0.53975	-8.2
0.54	-8.4
0.54025	-8.2
0.5405	-8.2
0.54075	-8.4
0.541	-8.4
0.54125	-8.2
0.5415	-8.4
0.54175	-8.4
0.542	-8.2
0.54225	-8.2
0.5425	-8.2
0.54275	-8.2
0.543	-8.2
0.54325	-8.2
0.5435	-8.2
0.54375	-8.2
0.544	-8.4
0.54425	-8.2
0.5445	-8.2
0.54475	-8.2
0.545	-8.4
0.54525	-8.2
0.5455	-8.4
0.54575	-8.2
0.546	-8.2
0.54625	-8.4
0.5465	-8.4
0.54675	-8.4
0.547	-8.2
0.54725	-8.4
0.5475	-8.4
0.54775	-8.2
0.548	-8.4
0.54825	-8.4
0.5485	-8.4
0.54875	-8.4
0.549	-8.4
0.54925	-8.4
0.5495	-8.4
0.54975	-8.4
0.55	-8.2
0.55025	-8.2
0.5505	-8.4
0.55075	-8.2
0.551	-8.4
0.55125	-8.2
0.5515	-8.2
0.55175	-8.2
0.552	-8.2
0.55225	-8.0
0.5525	-8.2
0.55275	-8.2
0.553	-8.2
0.55325	-8.2
0.5535	-8.2
0.55375	-8.2
0.554	-8.2
0.55425	-8.2
0.5545	-8.2
0.55475	-8.0
0.555	-8.2
0.55525	-8.0
0.5555	-8.0
0.55575	-8.0
0.556	-8.0
0.55625	-8.0
0.5565	-8.0
0.55675	-8.0
0.557	-7.8
0.55725	-7.8
0.5575	-7.8
0.55775	-7.8
0.558	-7.8
0.55825	-7.8
0.5585	-7.8
0.55875	-7.8
0.559	-7.6
0.55925	-7.6
0.5595	-7.8
0.55975	-7.6
0.56	-7.8
0.56025	-7.6
0.5605	-7.6
0.56075	-7.6
0.561	-7.6
0.56125	-7.4
0.5615	-7.6
0.56175	-7.6
0.562	-7.4
0.56225	-7.4
0.5625	-7.4
0.56275	-7.6
0.563	-7.4
0.56325	-7.4
0.5635	-7.4
0.56375	-7.2
0.564	-7.4
0.56425	-7.2
0.5645	-7.2
0.56475	-7.0
0.565	-6.8
0.56525	-25.6
0.5655	-25.6
0.56575	-25.6
0.566	-25.6
0.56625	-25.6
0.5665	-25.6
0.56675	-25.6
0.567	-25.6
0.56725	-25.6
0.5675	-25.6
0.56775	-25.6
0.568	-25.6
0.56825	-25.6
0.5685	-25.6
0.56875	-25.6
0.569	-25.6
0.56925	-25.6
0.5695	-25.6
0.56975	-25.6
0.57	-25.6
0.57025	-25.6
0.5705	-25.6
0.57075	-25.6
0.571	-25.6
0.57125	-25.6
0.5715	-25.6
0.57175	-25.6
0.572	-25.6
0.57225	-25.6
0.5725	-25.6
0.57275	-25.6
0.573	-25.6
0.57325	-25.6
0.5735	-25.6
0.57375	-25.6
0.574	-25.6
0.57425	-25.6
0.5745	-25.6
0.57475	-25.6
0.575	-25.6
0.57525	-25.6
0.5755	-25.6
0.57575	-25.6
0.576	-25.6
0.57625	-25.6
0.5765	-25.6
0.57675	-25.6
0.577	-25.6
0.57725	-25.6
0.5775	-25.6
0.57775	-25.6
0.578	-25.6
0.57825	-25.6
0.5785	-25.6
0.57875	-25.6
0.579	-25.6
0.57925	-25.6
0.5795	-25.6
0.57975	-25.6
0.58	-25.6
0.58025	-25.6
0.5805	-25.6
0.58075	-25.6
0.581	-25.6
0.58125	-25.6
0.5815	-25.6
0.58175	-25.6
0.582	-25.6
0.58225	-25.6
0.5825	-25.6
0.58275	-25.6
0.583	-25.6
0.58325	-25.6
0.5835	-25.6
0.58375	-25.6
0.584	-25.6
0.58425	-25.6
0.5845	-25.6
0.58475	-25.6
0.585	-25.6
0.58525	-25.6
0.5855	-25.6
0.58575	-25.6
0.586	-25.6
0.58625	-25.6
0.5865	-25.6
0.58675	-25.6
0.587	-25.6
0.58725	-25.6
0.5875	-25.6
0.58775	-25.6
0.588	-25.6
0.58825	-25.6
0.5885	-25.6
0.58875	-25.6
0.589	-25.6
0.58925	-25.6
0.5895	-25.6
0.58975	-25.6
0.59	-25.6
0.59025	-25.6
0.5905	-25.6
0.59075	-25.6
0.591	-25.6
0.59125	-25.6
0.5915	-25.6
0.59175	-25.6
0.592	-25.6
0.59225	-25.6
0.5925	-25.6
0.59275	-25.6
0.593	-25.6
0.59325	-25.6
0.5935	-25.6
0.59375	-25.6
0.594	-25.6
0.59425	-25.6
0.5945	-25.6
0.59475	-25.6
0.595	-25.6
0.59525	-25.6
0.5955	-25.6
0.59575	-25.6
0.596	-25.6
0.59625	-25.6
0.5965	-25.6
0.59675	-25.6
0.597	-25.6
0.59725	-25.6
0.5975	-25.6
0.59775	-25.6
0.598	-25.6
0.59825	-25.6
0.5985	-25.6
0.59875	-25.6
0.599	-25.6
0.59925	-25.6
0.5995	-25.6
0.59975	-25.6
0.6	-25.6
0.60025	-25.6
0.6005	-25.6
0.60075	-25.6
0.601	-25.6
0.60125	-25.6
0.6015	-25.6
0.60175	-25.6
0.602	-25.6
0.60225	-25.6
0.6025	-25.6
0.60275	-25.6
0.603	-25.6
0.60325	-25.6
0.6035	-25.6
0.60375	-25.6
0.604	-25.6
0.60425	-25.6
0.6045	-25.6
0.60475	-25.6
0.605	-25.6
0.60525	-25.6
0.6055	-25.6
0.60575	-25.6
0.606	-25.6
0.60625	-25.6
0.6065	-25.6
0.60675	-25.6
0.607	-25.6
0.60725	-25.6
0.6075	-25.6
0.60775	-25.6
0.608	-25.6
0.60825	-25.6
0.6085	-25.6
0.60875	-25.6
0.609	-25.6
0.60925	-25.6
0.6095	-25.6
0.60975	-25.6
0.61	-25.6
0.61025	-25.6
0.6105	-25.6
0.61075	-25.6
0.611	-25.6
0.61125	-25.6
0.6115	-25.6
0.61175	-25.6
0.612	-25.6
0.61225	-25.6
0.6125	-25.6
0.61275	-25.6
0.613	-25.6
0.61325	-25.6
0.6135	-25.6
0.61375	-25.6
0.614	-25.6
0.61425	-25.6
0.6145	-25.6
0.61475	-25.6
0.615	-25.6
0.61525	-25.6
0.6155	-25.6
0.61575	-25.6
0.616	-25.6
0.61625	-25.6
0.6165	-25.6
0.61675	-25.6
0.617	-25.6
0.61725	-25.6
0.6175	-25.6
0.61775	-25.6
0.618	-25.6
0.61825	-25.6
0.6185	-25.6
0.61875	-25.6
0.619	-25.6
0.61925	-25.6
0.6195	-25.6
0.61975	-25.6
0.62	-25.6
0.62025	-25.6
0.6205	-25.6
0.62075	-25.6
0.621	-25.6
0.62125	-25.6
0.6215	-25.6
0.62175	-25.6
0.622	-25.6
0.62225	-25.6
0.6225	-25.6
0.62275	-25.6
0.623	-25.6
0.62325	-25.6
0.6235	-25.6
0.62375	-25.6
0.624	-25.6
0.62425	-25.6
0.6245	-25.6
0.62475	-25.6
