0.0	-25.6
0.00025	-25.6
0.0005	-25.6
0.00075	-25.6
0.001	-25.6
0.00125	-25.6
0.0015	-25.6
0.00175	-25.6
0.002	-25.6
0.00225	-25.6
0.0025	-25.6
0.00275	-6.0
0.003	-6.0
0.00325	-6.0
0.0035	-6.0
0.00375	-6.0
0.004	-6.0
0.00425	-5.8
0.0045	-6.0
0.00475	-6.0
0.005	-6.0
0.00525	-5.8
0.0055	-5.8
0.00575	-5.8
0.006	-5.8
0.00625	-5.8
0.0065	-6.0
0.00675	-5.8
0.007	-5.8
0.00725	-5.8
0.0075	-5.8
0.00775	-5.8
0.008	-5.8
0.00825	-5.8
0.0085	-5.6
0.00875	-5.8
0.009	-5.6
0.00925	-5.6
0.0095	-5.8
0.00975	-5.6
0.01	-5.6
0.01025	-5.6
0.0105	-5.6
0.01075	-5.6
0.011	-5.4
0.01125	-5.6
0.0115	-5.6
0.01175	-5.6
0.012	-5.6
0.01225	-5.4
0.0125	-5.4
0.01275	-5.6
0.013	-5.6
0.01325	-5.4
0.0135	-5.4
0.01375	-5.4
0.014	-5.4
0.01425	-5.4
0.0145	-5.2
0.01475	-5.4
0.015	-5.4
0.01525	-5.2
0.0155	-5.2
0.01575	-4.8
0.016	-4.4
0.01625	-4.2
0.0165	-3.8
0.01675	-3.2
0.017	-2.2
0.01725	-1.2
0.0175	0.6
0.01775	2.6
0.018	5.6
0.01825	8.4
0.0185	9.8
0.01875	10.4
0.019	10.4
0.01925	10.4
0.0195	10.4
0.01975	10.4
0.02	10.4
0.02025	10.4
0.0205	10.4
0.02075	10.2
0.021	10.4
0.02125	10.4
0.0215	10.4
0.02175	10.4
0.022	10.4
0.02225	10.4
0.0225	10.4
0.02275	10.4
0.023	10.4
0.02325	10.4
0.0235	10.4
0.02375	10.2
0.024	10.4
0.02425	10.4
0.0245	10.4
0.02475	10.6
0.025	10.4
0.02525	10.4
0.0255	10.4
0.02575	10.4
0.026	10.4
0.02625	10.4
0.0265	10.4
0.02675	10.6
0.027	10.4
0.02725	10.4
0.0275	10.4
0.02775	10.4
0.028	10.4
0.02825	10.6
0.0285	10.4
0.02875	10.6
0.029	10.4
0.02925	10.4
0.0295	10.6
0.02975	10.4
0.03	10.4
0.03025	10.6
0.0305	10.4
0.03075	10.4
0.031	10.4
0.03125	10.4
0.0315	10.2
0.03175	10.2
0.032	10.2
0.03225	10.0
0.0325	10.2
0.03275	10.0
0.033	10.2
0.03325	10.0
0.0335	10.0
0.03375	9.8
0.034	9.8
0.03425	10.0
0.0345	10.0
0.03475	9.8
0.035	9.8
0.03525	9.8
0.0355	9.8
0.03575	9.8
0.036	9.8
0.03625	9.6
0.0365	9.6
0.03675	9.6
0.037	9.6
0.03725	9.4
0.0375	9.4
0.03775	9.4
0.038	9.4
0.03825	9.4
0.0385	9.4
0.03875	9.2
0.039	9.2
0.03925	9.0
0.0395	9.2
0.03975	9.2
0.04	9.0
0.04025	9.0
0.0405	9.0
0.04075	9.0
0.041	9.0
0.04125	9.0
0.0415	9.0
0.04175	9.0
0.042	8.8
0.04225	8.8
0.0425	8.8
0.04275	8.6
0.043	8.8
0.04325	8.8
0.0435	8.6
0.04375	8.6
0.044	8.8
0.04425	8.6
0.0445	8.6
0.04475	8.4
0.045	8.4
0.04525	8.4
0.0455	8.4
0.04575	8.4
0.046	8.4
0.04625	8.4
0.0465	8.4
0.04675	8.4
0.047	8.2
0.04725	8.2
0.0475	8.2
0.04775	8.4
0.048	8.2
0.04825	8.2
0.0485	8.2
0.04875	8.2
0.049	8.0
0.04925	8.0
0.0495	8.0
0.04975	8.0
0.05	8.0
0.05025	8.0
0.0505	7.8
0.05075	7.8
0.051	8.0
0.05125	7.8
0.0515	8.0
0.05175	7.8
0.052	7.8
0.05225	7.8
0.0525	7.6
0.05275	7.6
0.053	7.6
0.05325	7.6
0.0535	7.6
0.05375	7.6
0.054	7.6
0.05425	7.6
0.0545	7.6
0.05475	7.6
0.055	7.6
0.05525	7.6
0.0555	7.6
0.05575	7.6
0.056	7.6
0.05625	7.6
0.0565	7.4
0.05675	7.4
0.057	7.4
0.05725	7.2
0.0575	7.2
0.05775	7.4
0.058	7.2
0.05825	7.4
0.0585	7.2
0.05875	7.4
0.059	7.2
0.05925	7.0
0.0595	7.0
0.05975	7.0
0.06	7.0
0.06025	7.0
0.0605	7.0
0.06075	7.0
0.061	7.0
0.06125	7.0
0.0615	7.0
0.06175	7.0
0.062	7.0
0.06225	6.8
0.0625	7.0
0.06275	6.8
0.063	6.8
0.06325	6.8
0.0635	7.0
0.06375	7.0
0.064	6.8
0.06425	6.8
0.0645	6.8
0.06475	6.8
0.065	6.8
0.06525	6.8
0.0655	6.8
0.06575	6.8
0.066	6.6
0.06625	6.6
0.0665	6.6
0.06675	6.6
0.067	6.6
0.06725	6.4
0.0675	6.4
0.06775	6.4
0.068	6.4
0.06825	6.6
0.0685	6.2
0.06875	6.6
0.069	6.4
0.06925	6.4
0.0695	6.4
0.06975	6.4
0.07	6.4
0.07025	6.4
0.0705	6.4
0.07075	6.4
0.071	6.4
0.07125	6.2
0.0715	6.2
0.07175	6.4
0.072	6.2
0.07225	6.2
0.0725	6.2
0.07275	6.2
0.073	6.2
0.07325	6.2
0.0735	6.2
0.07375	6.0
0.074	6.2
0.07425	6.0
0.0745	6.2
0.07475	6.2
0.075	6.2
0.07525	6.0
0.0755	6.0
0.07575	6.0
0.076	6.0
0.07625	6.0
0.0765	6.0
0.07675	5.8
0.077	6.0
0.07725	6.0
0.0775	5.8
0.07775	6.0
0.078	5.8
0.07825	5.8
0.0785	5.8
0.07875	5.8
0.079	6.0
0.07925	5.8
0.0795	5.8
0.07975	5.8
0.08	5.8
0.08025	5.8
0.0805	5.8
0.08075	5.8
0.081	5.8
0.08125	5.8
0.0815	5.8
0.08175	5.6
0.082	5.8
0.08225	5.8
0.0825	5.6
0.08275	5.6
0.083	5.8
0.08325	5.8
0.0835	5.6
0.08375	5.6
0.084	5.6
0.08425	5.4
0.0845	5.2
0.08475	5.0
0.085	4.8
0.08525	4.2
0.0855	3.8
0.08575	3.0
0.086	1.8
0.08625	0.2
0.0865	-2.2
0.08675	-5.0
0.087	-8.0
0.08725	-9.4
0.0875	-9.4
0.08775	-9.4
0.088	-9.4
0.08825	-9.4
0.0885	-9.4
0.08875	-9.4
0.089	-9.6
0.08925	-9.6
0.0895	-9.6
0.08975	-9.6
0.09	-9.6
0.09025	-9.6
0.0905	-9.6
0.09075	-9.8
0.091	-9.8
0.09125	-9.6
0.0915	-9.8
0.09175	-9.8
0.092	-10.0
0.09225	-9.8
0.0925	-9.8
0.09275	-9.8
0.093	-9.8
0.09325	-9.8
0.0935	-9.8
0.09375	-10.0
0.094	-10.0
0.09425	-10.0
0.0945	-9.8
0.09475	-10.0
0.095	-10.0
0.09525	-9.8
0.0955	-10.0
0.09575	-10.0
0.096	-10.0
0.09625	-10.0
0.0965	-10.0
0.09675	-10.0
0.097	-10.0
0.09725	-10.0
0.0975	-10.0
0.09775	-10.0
0.098	-10.0
0.09825	-10.0
0.0985	-10.0
0.09875	-10.0
0.099	-10.0
0.09925	-10.0
0.0995	-10.0
0.09975	-10.0
0.1	-10.0
0.10025	-10.0
0.1005	-10.0
0.10075	-10.0
0.101	-10.0
0.10125	-10.0
0.1015	-10.0
0.10175	-10.0
0.102	-10.0
0.10225	-9.8
0.1025	-9.8
0.10275	-10.0
0.103	-9.6
0.10325	-9.8
0.1035	-9.6
0.10375	-9.6
0.104	-9.6
0.10425	-9.4
0.1045	-9.4
0.10475	-9.2
0.105	-9.2
0.10525	-9.2
0.1055	-9.2
0.10575	-9.0
0.106	-9.0
0.10625	-9.0
0.1065	-9.0
0.10675	-8.8
0.107	-8.8
0.10725	-8.6
0.1075	-8.6
0.10775	-8.6
0.108	-8.8
0.10825	-8.6
0.1085	-8.6
0.10875	-8.6
0.109	-8.6
0.10925	-8.6
0.1095	-8.6
0.10975	-8.6
0.11	-8.6
0.11025	-8.4
0.1105	-8.6
0.11075	-8.4
0.111	-8.4
0.11125	-8.4
0.1115	-8.4
0.11175	-8.4
0.112	-8.2
0.11225	-8.4
0.1125	-8.2
0.11275	-8.2
0.113	-8.0
0.11325	-8.2
0.1135	-8.0
0.11375	-8.0
0.114	-8.0
0.11425	-8.2
0.1145	-8.0
0.11475	-8.0
0.115	-8.0
0.11525	-8.0
0.1155	-7.8
0.11575	-8.0
0.116	-7.8
0.11625	-7.8
0.1165	-7.8
0.11675	-7.8
0.117	-7.6
0.11725	-7.8
0.1175	-7.6
0.11775	-7.6
0.118	-7.6
0.11825	-7.6
0.1185	-7.6
0.11875	-7.6
0.119	-7.6
0.11925	-7.6
0.1195	-7.4
0.11975	-7.4
0.12	-7.4
0.12025	-7.4
0.1205	-7.2
0.12075	-7.4
0.121	-7.4
0.12125	-7.4
0.1215	-7.4
0.12175	-7.2
0.122	-7.2
0.12225	-7.2
0.1225	-7.2
0.12275	-7.2
0.123	-7.2
0.12325	-7.2
0.1235	-7.2
0.12375	-7.2
0.124	-7.2
0.12425	-7.0
0.1245	-7.0
0.12475	-7.0
0.125	-7.0
0.12525	-7.0
0.1255	-6.8
0.12575	-7.0
0.126	-7.0
0.12625	-7.2
0.1265	-6.8
0.12675	-7.0
0.127	-6.8
0.12725	-6.8
0.1275	-6.8
0.12775	-6.8
0.128	-6.6
0.12825	-6.8
0.1285	-6.8
0.12875	-6.8
0.129	-6.8
0.12925	-6.8
0.1295	-6.6
0.12975	-6.6
0.13	-6.6
0.13025	-6.6
0.1305	-6.6
0.13075	-6.6
0.131	-6.6
0.13125	-6.6
0.1315	-6.6
0.13175	-6.6
0.132	-6.6
0.13225	-6.6
0.1325	-6.6
0.13275	-6.4
0.133	-6.4
0.13325	-6.6
0.1335	-6.4
0.13375	-6.4
0.134	-6.4
0.13425	-6.4
0.1345	-6.4
0.13475	-6.4
0.135	-6.4
0.13525	-6.2
0.1355	-6.4
0.13575	-6.2
0.136	-6.2
0.13625	-6.2
0.1365	-6.2
0.13675	-6.2
0.137	-6.0
0.13725	-6.2
0.1375	-6.2
0.13775	-6.0
0.138	-6.0
0.13825	-6.2
0.1385	-6.0
0.13875	-6.2
0.139	-6.0
0.13925	-6.0
0.1395	-6.0
0.13975	-6.0
0.14	-6.2
0.14025	-6.0
0.1405	-6.0
0.14075	-5.8
0.141	-5.8
0.14125	-5.8
0.1415	-5.8
0.14175	-5.8
0.142	-5.8
0.14225	-5.8
0.1425	-5.6
0.14275	-5.8
0.143	-5.6
0.14325	-5.8
0.1435	-5.8
0.14375	-5.6
0.144	-5.6
0.14425	-5.6
0.1445	-5.8
0.14475	-5.8
0.145	-5.6
0.14525	-5.6
0.1455	-5.6
0.14575	-5.6
0.146	-5.6
0.14625	-5.6
0.1465	-5.6
0.14675	-5.6
0.147	-5.4
0.14725	-5.6
0.1475	-5.6
0.14775	-5.6
0.148	-5.4
0.14825	-5.4
0.1485	-5.6
0.14875	-5.4
0.149	-5.6
0.14925	-5.4
0.1495	-5.4
0.14975	-5.4
0.15	-5.4
0.15025	-5.6
0.1505	-5.4
0.15075	-5.4
0.151	-5.4
0.15125	-5.2
0.1515	-5.2
0.15175	-5.0
0.152	-4.6
0.15225	-4.6
0.1525	-4.0
0.15275	-3.6
0.153	-2.8
0.15325	-1.8
0.1535	-0.2
0.15375	1.8
0.154	4.2
0.15425	7.6
0.1545	9.4
0.15475	10.2
0.155	10.4
0.15525	10.4
0.1555	10.4
0.15575	10.4
0.156	10.4
0.15625	10.4
0.1565	10.4
0.15675	10.6
0.157	10.4
0.15725	10.4
0.1575	10.4
0.15775	10.4
0.158	10.4
0.15825	10.4
0.1585	10.4
0.15875	10.4
0.159	10.4
0.15925	10.4
0.1595	10.4
0.15975	10.4
0.16	10.4
0.16025	10.6
0.1605	10.4
0.16075	10.4
0.161	10.4
0.16125	10.4
0.1615	10.4
0.16175	10.4
0.162	10.4
0.16225	10.6
0.1625	10.6
0.16275	10.6
0.163	10.4
0.16325	10.4
0.1635	10.4
0.16375	10.6
0.164	10.6
0.16425	10.4
0.1645	10.6
0.16475	10.4
0.165	10.4
0.16525	10.6
0.1655	10.6
0.16575	10.6
0.166	10.4
0.16625	10.4
0.1665	10.4
0.16675	10.6
0.167	10.4
0.16725	10.4
0.1675	10.4
0.16775	10.2
0.168	10.2
0.16825	10.2
0.1685	10.2
0.16875	10.2
0.169	10.0
0.16925	10.0
0.1695	10.0
0.16975	10.0
0.17	10.0
0.17025	10.0
0.1705	9.8
0.17075	10.0
0.171	9.8
0.17125	9.8
0.1715	9.8
0.17175	9.8
0.172	9.8
0.17225	9.6
0.1725	9.6
0.17275	9.6
0.173	9.4
0.17325	9.6
0.1735	9.6
0.17375	9.4
0.174	9.4
0.17425	9.4
0.1745	9.2
0.17475	9.2
0.175	9.2
0.17525	9.2
0.1755	9.2
0.17575	9.0
0.176	9.2
0.17625	9.0
0.1765	9.0
0.17675	9.0
0.177	9.0
0.17725	8.8
0.1775	9.0
0.17775	9.0
0.178	8.8
0.17825	8.8
0.1785	8.8
0.17875	8.8
0.179	8.8
0.17925	8.6
0.1795	8.6
0.17975	8.8
0.18	8.6
0.18025	8.6
0.1805	8.6
0.18075	8.6
0.181	8.6
0.18125	8.4
0.1815	8.4
0.18175	8.4
0.182	8.4
0.18225	8.4
0.1825	8.4
0.18275	8.4
0.183	8.4
0.18325	8.4
0.1835	8.2
0.18375	8.4
0.184	8.2
0.18425	8.2
0.1845	8.2
0.18475	8.0
0.185	8.0
0.18525	8.0
0.1855	8.0
0.18575	8.0
0.186	8.2
0.18625	8.2
0.1865	8.0
0.18675	8.0
0.187	8.0
0.18725	7.8
0.1875	7.8
0.18775	7.8
0.188	8.0
0.18825	7.6
0.1885	7.8
0.18875	7.8
0.189	7.6
0.18925	7.8
0.1895	7.8
0.18975	7.6
0.19	7.6
0.19025	7.6
0.1905	7.6
0.19075	7.6
0.191	7.6
0.19125	7.4
0.1915	7.4
0.19175	7.4
0.192	7.4
0.19225	7.4
0.1925	7.4
0.19275	7.4
0.193	7.4
0.19325	7.4
0.1935	7.4
0.19375	7.4
0.194	7.2
0.19425	7.2
0.1945	7.2
0.19475	7.0
0.195	7.2
0.19525	7.4
0.1955	7.2
0.19575	7.0
0.196	7.2
0.19625	7.2
0.1965	7.2
0.19675	7.0
0.197	7.0
0.19725	7.0
0.1975	7.2
0.19775	7.0
0.198	7.0
0.19825	6.8
0.1985	7.0
0.19875	7.0
0.199	6.8
0.19925	7.0
0.1995	6.8
0.19975	6.8
0.2	6.8
0.20025	6.8
0.2005	6.8
0.20075	6.6
0.201	6.6
0.20125	6.6
0.2015	6.8
0.20175	6.6
0.202	6.8
0.20225	6.6
0.2025	6.6
0.20275	6.6
0.203	6.6
0.20325	6.6
0.2035	6.6
0.20375	6.6
0.204	6.4
0.20425	6.6
0.2045	6.4
0.20475	6.4
0.205	6.6
0.20525	6.6
0.2055	6.4
0.20575	6.2
0.206	6.4
0.20625	6.4
0.2065	6.4
0.20675	6.4
0.207	6.2
0.20725	6.2
0.2075	6.2
0.20775	6.2
0.208	6.2
0.20825	6.2
0.2085	6.0
0.20875	6.2
0.209	6.2
0.20925	6.2
0.2095	6.2
0.20975	6.2
0.21	6.2
0.21025	6.2
0.2105	6.0
0.21075	6.0
0.211	6.2
0.21125	6.0
0.2115	6.2
0.21175	6.2
0.212	6.2
0.21225	6.0
0.2125	6.0
0.21275	6.0
0.213	6.0
0.21325	6.0
0.2135	6.0
0.21375	5.8
0.214	5.8
0.21425	5.8
0.2145	5.8
0.21475	5.6
0.215	5.8
0.21525	5.8
0.2155	5.8
0.21575	5.8
0.216	5.8
0.21625	5.8
0.2165	5.8
0.21675	5.8
0.217	5.8
0.21725	5.8
0.2175	5.8
0.21775	5.8
0.218	5.8
0.21825	5.8
0.2185	5.6
0.21875	5.8
0.219	5.6
0.21925	5.6
0.2195	5.8
0.21975	5.6
0.22	5.6
0.22025	5.4
0.2205	5.4
0.22075	5.0
0.221	4.8
0.22125	4.4
0.2215	3.8
0.22175	3.2
0.222	2.2
0.22225	0.8
0.2225	-1.0
0.22275	-3.6
0.223	-6.6
0.22325	-9.0
0.2235	-9.4
0.22375	-9.4
0.224	-9.2
0.22425	-9.4
0.2245	-9.4
0.22475	-9.4
0.225	-9.4
0.22525	-9.4
0.2255	-9.6
0.22575	-9.6
0.226	-9.8
0.22625	-9.6
0.2265	-9.6
0.22675	-9.8
0.227	-9.6
0.22725	-9.8
0.2275	-9.8
0.22775	-9.6
0.228	-9.6
0.22825	-9.8
0.2285	-9.8
0.22875	-10.0
0.229	-9.8
0.22925	-10.0
0.2295	-9.8
0.22975	-9.8
0.23	-9.8
0.23025	-9.8
0.2305	-10.0
0.23075	-10.0
0.231	-10.0
0.23125	-9.8
0.2315	-10.0
0.23175	-10.0
0.232	-10.0
0.23225	-10.0
0.2325	-10.0
0.23275	-10.0
0.233	-10.0
0.23325	-10.0
0.2335	-10.0
0.23375	-10.0
0.234	-10.0
0.23425	-10.0
0.2345	-10.0
0.23475	-10.0
0.235	-10.0
0.23525	-10.0
0.2355	-10.0
0.23575	-10.0
0.236	-10.0
0.23625	-10.0
0.2365	-10.0
0.23675	-10.0
0.237	-10.0
0.23725	-10.0
0.2375	-10.0
0.23775	-10.0
0.238	-10.0
0.23825	-10.0
0.2385	-10.0
0.23875	-10.0
0.239	-9.8
0.23925	-9.8
0.2395	-9.6
0.23975	-9.4
0.24	-9.6
0.24025	-9.4
0.2405	-9.4
0.24075	-9.2
0.241	-9.4
0.24125	-9.2
0.2415	-9.2
0.24175	-9.2
0.242	-9.2
0.24225	-8.8
0.2425	-8.8
0.24275	-9.0
0.243	-8.8
0.24325	-8.8
0.2435	-8.6
0.24375	-8.8
0.244	-8.8
0.24425	-8.8
0.2445	-8.6
0.24475	-8.6
0.245	-8.6
0.24525	-8.6
0.2455	-8.6
0.24575	-8.6
0.246	-8.4
0.24625	-8.6
0.2465	-8.4
0.24675	-8.4
0.247	-8.4
0.24725	-8.4
0.2475	-8.4
0.24775	-8.4
0.248	-8.2
0.24825	-8.2
0.2485	-8.2
0.24875	-8.2
0.249	-8.0
0.24925	-8.2
0.2495	-8.0
0.24975	-8.0
0.25	-8.0
0.25025	-8.2
0.2505	-8.0
0.25075	-8.0
0.251	-8.0
0.25125	-8.0
0.2515	-8.0
0.25175	-8.0
0.252	-8.0
0.25225	-7.8
0.2525	-7.8
0.25275	-7.8
0.253	-7.8
0.25325	-7.8
0.2535	-7.8
0.25375	-7.6
0.254	-7.6
0.25425	-7.6
0.2545	-7.8
0.25475	-7.4
0.255	-7.6
0.25525	-7.6
0.2555	-7.6
0.25575	-7.6
0.256	-7.4
0.25625	-7.4
0.2565	-7.4
0.25675	-7.4
0.257	-7.2
0.25725	-7.2
0.2575	-7.2
0.25775	-7.2
0.258	-7.2
0.25825	-7.2
0.2585	-7.2
0.25875	-7.2
0.259	-7.2
0.25925	-7.2
0.2595	-7.2
0.25975	-7.2
0.26	-7.2
0.26025	-7.2
0.2605	-7.2
0.26075	-7.0
0.261	-7.0
0.26125	-7.0
0.2615	-7.0
0.26175	-6.8
0.262	-7.0
0.26225	-7.0
0.2625	-6.8
0.26275	-6.8
0.263	-6.8
0.26325	-6.8
0.2635	-6.8
0.26375	-7.0
0.264	-6.8
0.26425	-6.8
0.2645	-6.8
0.26475	-6.8
0.265	-6.8
0.26525	-6.6
0.2655	-6.8
0.26575	-6.6
0.266	-6.8
0.26625	-6.6
0.2665	-6.6
0.26675	-6.6
0.267	-6.6
0.26725	-6.6
0.2675	-6.4
0.26775	-6.6
0.268	-6.6
0.26825	-6.6
0.2685	-6.4
0.26875	-6.4
0.269	-6.4
0.26925	-6.6
0.2695	-6.6
0.26975	-6.6
0.27	-6.4
0.27025	-6.4
0.2705	-6.4
0.27075	-6.4
0.271	-6.2
0.27125	-6.4
0.2715	-6.2
0.27175	-6.2
0.272	-6.4
0.27225	-6.2
0.2725	-6.2
0.27275	-6.2
0.273	-6.4
0.27325	-6.2
0.2735	-6.0
0.27375	-6.0
0.274	-6.0
0.27425	-6.2
0.2745	-6.0
0.27475	-6.0
0.275	-6.2
0.27525	-6.0
0.2755	-5.8
0.27575	-6.0
0.276	-5.8
0.27625	-6.0
0.2765	-5.8
0.27675	-6.0
0.277	-5.8
0.27725	-5.8
0.2775	-5.8
0.27775	-5.8
0.278	-5.8
0.27825	-5.8
0.2785	-5.8
0.27875	-5.8
0.279	-5.8
0.27925	-5.8
0.2795	-5.8
0.27975	-5.6
0.28	-5.8
0.28025	-5.6
0.2805	-5.6
0.28075	-5.6
0.281	-5.6
0.28125	-5.8
0.2815	-5.6
0.28175	-5.6
0.282	-5.6
0.28225	-5.6
0.2825	-5.6
0.28275	-5.6
0.283	-5.6
0.28325	-5.6
0.2835	-5.4
0.28375	-5.6
0.284	-5.4
0.28425	-5.4
0.2845	-5.6
0.28475	-5.6
0.285	-5.6
0.28525	-5.4
0.2855	-5.4
0.28575	-5.4
0.286	-5.4
0.28625	-5.4
0.2865	-5.4
0.28675	-5.2
0.287	-5.2
0.28725	-5.2
0.2875	-5.2
0.28775	-5.0
0.288	-4.8
0.28825	-4.6
0.2885	-4.4
0.28875	-3.6
0.289	-3.2
0.28925	-2.2
0.2895	-0.8
0.28975	0.6
0.29	3.0
0.29025	6.0
0.2905	8.6
0.29075	10.0
0.291	10.2
0.29125	10.4
0.2915	10.4
0.29175	10.4
0.292	10.4
0.29225	10.6
0.2925	10.4
0.29275	10.2
0.293	10.4
0.29325	10.4
0.2935	10.4
0.29375	10.4
0.294	10.4
0.29425	10.4
0.2945	10.4
0.29475	10.4
0.295	10.4
0.29525	10.4
0.2955	10.4
0.29575	10.4
0.296	10.4
0.29625	10.4
0.2965	10.4
0.29675	10.4
0.297	10.4
0.29725	10.4
0.2975	10.4
0.29775	10.4
0.298	10.4
0.29825	10.4
0.2985	10.6
0.29875	10.4
0.299	10.6
0.29925	10.4
0.2995	10.4
0.29975	10.4
0.3	10.4
0.30025	10.4
0.3005	10.4
0.30075	10.4
0.301	10.4
0.30125	10.4
0.3015	10.4
0.30175	10.4
0.302	10.4
0.30225	10.4
0.3025	10.6
0.30275	10.4
0.303	10.2
0.30325	10.2
0.3035	10.2
0.30375	10.2
0.304	10.2
0.30425	10.2
0.3045	10.2
0.30475	10.2
0.305	10.2
0.30525	10.0
0.3055	10.0
0.30575	10.0
0.306	10.0
0.30625	9.8
0.3065	10.0
0.30675	9.8
0.307	9.8
0.30725	9.8
0.3075	9.8
0.30775	9.8
0.308	9.6
0.30825	9.8
0.3085	9.6
0.30875	9.6
0.309	9.6
0.30925	9.6
0.3095	9.4
0.30975	9.4
0.31	9.4
0.31025	9.4
0.3105	9.2
0.31075	9.4
0.311	9.2
0.31125	9.2
0.3115	9.2
0.31175	9.2
0.312	9.2
0.31225	9.0
0.3125	9.0
0.31275	9.0
0.313	9.0
0.31325	9.0
0.3135	9.0
0.31375	8.8
0.314	8.8
0.31425	8.8
0.3145	8.8
0.31475	8.8
0.315	8.8
0.31525	8.8
0.3155	8.8
0.31575	8.6
0.316	8.6
0.31625	8.6
0.3165	8.6
0.31675	8.6
0.317	8.6
0.31725	8.4
0.3175	8.4
0.31775	8.4
0.318	8.4
0.31825	8.4
0.3185	8.4
0.31875	8.4
0.319	8.4
0.31925	8.2
0.3195	8.2
0.31975	8.2
0.32	8.2
0.32025	8.2
0.3205	8.2
0.32075	8.0
0.321	8.0
0.32125	8.0
0.3215	8.0
0.32175	8.0
0.322	8.0
0.32225	8.0
0.3225	8.0
0.32275	8.0
0.323	7.8
0.32325	7.8
0.3235	7.8
0.32375	7.8
0.324	7.8
0.32425	7.6
0.3245	7.6
0.32475	7.8
0.325	7.6
0.32525	7.6
0.3255	7.6
0.32575	7.6
0.326	7.6
0.32625	7.6
0.3265	7.6
0.32675	7.6
0.327	7.6
0.32725	7.6
0.3275	7.6
0.32775	7.6
0.328	7.4
0.32825	7.4
0.3285	7.4
0.32875	7.4
0.329	7.4
0.32925	7.4
0.3295	7.4
0.32975	7.2
0.33	7.2
0.33025	7.4
0.3305	7.2
0.33075	7.2
0.331	7.2
0.33125	7.2
0.3315	7.0
0.33175	7.2
0.332	7.0
0.33225	7.2
0.3325	7.0
0.33275	7.2
0.333	7.0
0.33325	7.0
0.3335	7.0
0.33375	7.0
0.334	7.0
0.33425	6.8
0.3345	7.0
0.33475	7.0
0.335	6.8
0.33525	6.8
0.3355	7.0
0.33575	6.8
0.336	6.6
0.33625	6.8
0.3365	6.6
0.33675	6.8
0.337	6.8
0.33725	6.6
0.3375	6.6
0.33775	6.8
0.338	6.8
0.33825	6.4
0.3385	6.6
0.33875	6.6
0.339	6.6
0.33925	6.6
0.3395	6.6
0.33975	6.6
0.34	6.4
0.34025	6.4
0.3405	6.6
0.34075	6.4
0.341	6.4
0.34125	6.6
0.3415	6.6
0.34175	6.4
0.342	6.4
0.34225	6.2
0.3425	6.4
0.34275	6.2
0.343	6.2
0.34325	6.4
0.3435	6.2
0.34375	6.2
0.344	6.2
0.34425	6.2
0.3445	6.2
0.34475	6.2
0.345	6.2
0.34525	6.2
0.3455	6.2
0.34575	6.2
0.346	6.2
0.34625	6.0
0.3465	6.0
0.34675	6.0
0.347	6.0
0.34725	6.2
0.3475	6.0
0.34775	6.2
0.348	6.2
0.34825	6.0
0.3485	5.8
0.34875	6.0
0.349	6.0
0.34925	6.0
0.3495	6.0
0.34975	6.0
0.35	5.8
0.35025	6.0
0.3505	5.8
0.35075	5.8
0.351	5.8
0.35125	6.0
0.3515	6.0
0.35175	5.8
0.352	5.8
0.35225	5.8
0.3525	5.8
0.35275	5.8
0.353	5.6
0.35325	5.6
0.3535	6.0
0.35375	5.6
0.354	5.6
0.35425	5.6
0.3545	5.8
0.35475	5.6
0.355	5.6
0.35525	5.8
0.3555	5.6
0.35575	5.6
0.356	5.6
0.35625	5.4
0.3565	5.4
0.35675	5.4
0.357	5.0
0.35725	4.6
0.3575	4.0
0.35775	3.6
0.358	2.8
0.35825	1.4
0.3585	-0.2
0.35875	-2.4
0.359	-5.4
0.35925	-8.2
0.3595	-9.2
0.35975	-9.4
0.36	-9.4
0.36025	-9.4
0.3605	-9.4
0.36075	-9.4
0.361	-9.6
0.36125	-9.4
0.3615	-9.6
0.36175	-9.6
0.362	-9.6
0.36225	-9.6
0.3625	-9.6
0.36275	-9.6
0.363	-9.8
0.36325	-9.8
0.3635	-9.8
0.36375	-9.8
0.364	-9.8
0.36425	-9.8
0.3645	-9.8
0.36475	-9.8
0.365	-10.0
0.36525	-10.0
0.3655	-10.0
0.36575	-9.8
0.366	-9.8
0.36625	-10.0
0.3665	-9.8
0.36675	-9.8
0.367	-10.0
0.36725	-10.0
0.3675	-9.8
0.36775	-10.0
0.368	-10.0
0.36825	-10.0
0.3685	-10.2
0.36875	-10.0
0.369	-10.0
0.36925	-10.0
0.3695	-10.0
0.36975	-10.0
0.37	-10.0
0.37025	-10.0
0.3705	-9.8
0.37075	-10.0
0.371	-10.0
0.37125	-10.0
0.3715	-10.0
0.37175	-10.0
0.372	-10.0
0.37225	-10.0
0.3725	-10.0
0.37275	-10.0
0.373	-10.0
0.37325	-10.0
0.3735	-10.0
0.37375	-10.0
0.374	-9.8
0.37425	-10.0
0.3745	-9.8
0.37475	-9.8
0.375	-9.8
0.37525	-9.8
0.3755	-9.6
0.37575	-9.6
0.376	-9.6
0.37625	-9.4
0.3765	-9.6
0.37675	-9.4
0.377	-9.4
0.37725	-9.2
0.3775	-9.2
0.37775	-9.0
0.378	-9.0
0.37825	-9.0
0.3785	-8.8
0.37875	-8.8
0.379	-9.0
0.37925	-9.0
0.3795	-8.6
0.37975	-8.8
0.38	-8.6
0.38025	-8.8
0.3805	-8.6
0.38075	-8.6
0.381	-8.6
0.38125	-8.6
0.3815	-8.6
0.38175	-8.6
0.382	-8.6
0.38225	-8.4
0.3825	-8.6
0.38275	-8.4
0.383	-8.4
0.38325	-8.4
0.3835	-8.4
0.38375	-8.4
0.384	-8.4
0.38425	-8.4
0.3845	-8.4
0.38475	-8.2
0.385	-8.2
0.38525	-8.2
0.3855	-8.0
0.38575	-8.0
0.386	-8.0
0.38625	-8.2
0.3865	-8.0
0.38675	-8.0
0.387	-8.0
0.38725	-8.0
0.3875	-7.8
0.38775	-8.0
0.388	-8.0
0.38825	-8.0
0.3885	-7.8
0.38875	-7.8
0.389	-7.8
0.38925	-7.8
0.3895	-7.6
0.38975	-7.6
0.39	-7.6
0.39025	-7.8
0.3905	-7.6
0.39075	-7.6
0.391	-7.6
0.39125	-7.6
0.3915	-7.6
0.39175	-7.6
0.392	-7.6
0.39225	-7.4
0.3925	-7.4
0.39275	-7.4
0.393	-7.2
0.39325	-7.4
0.3935	-7.4
0.39375	-7.6
0.394	-7.4
0.39425	-7.4
0.3945	-7.2
0.39475	-7.2
0.395	-7.2
0.39525	-7.2
0.3955	-7.2
0.39575	-7.2
0.396	-7.0
0.39625	-7.0
0.3965	-7.2
0.39675	-7.0
0.397	-7.2
0.39725	-7.0
0.3975	-7.0
0.39775	-7.0
0.398	-7.0
0.39825	-6.8
0.3985	-7.0
0.39875	-7.0
0.399	-6.8
0.39925	-6.8
0.3995	-6.8
0.39975	-6.8
0.4	-6.8
0.40025	-6.8
0.4005	-6.8
0.40075	-6.6
0.401	-6.8
0.40125	-6.6
0.4015	-6.6
0.40175	-6.6
0.402	-6.6
0.40225	-6.6
0.4025	-6.6
0.40275	-6.6
0.403	-6.6
0.40325	-6.6
0.4035	-6.6
0.40375	-6.6
0.404	-6.6
0.40425	-6.6
0.4045	-6.6
0.40475	-6.4
0.405	-6.6
0.40525	-6.4
0.4055	-6.6
0.40575	-6.4
0.406	-6.6
0.40625	-6.4
0.4065	-6.4
0.40675	-6.4
0.407	-6.4
0.40725	-6.4
0.4075	-6.4
0.40775	-6.4
0.408	-6.2
0.40825	-6.2
0.4085	-6.2
0.40875	-6.2
0.409	-6.2
0.40925	-6.0
0.4095	-6.2
0.40975	-6.2
0.41	-6.2
0.41025	-6.2
0.4105	-6.0
0.41075	-6.0
0.411	-6.0
0.41125	-6.2
0.4115	-6.0
0.41175	-6.0
0.412	-6.0
0.41225	-6.0
0.4125	-5.8
0.41275	-6.0
0.413	-5.8
0.41325	-6.0
0.4135	-6.0
0.41375	-5.8
0.414	-5.8
0.41425	-5.8
0.4145	-5.8
0.41475	-5.8
0.415	-5.8
0.41525	-5.8
0.4155	-5.8
0.41575	-5.8
0.416	-5.6
0.41625	-5.8
0.4165	-5.6
0.41675	-5.8
0.417	-5.6
0.41725	-5.6
0.4175	-5.6
0.41775	-5.6
0.418	-5.6
0.41825	-5.6
0.4185	-5.6
0.41875	-5.6
0.419	-5.4
0.41925	-5.4
0.4195	-5.6
0.41975	-5.6
0.42	-5.6
0.42025	-5.4
0.4205	-5.4
0.42075	-5.4
0.421	-5.4
0.42125	-5.4
0.4215	-5.4
0.42175	-5.4
0.422	-5.4
0.42225	-5.2
0.4225	-5.2
0.42275	-5.2
0.423	-5.2
0.42325	-5.4
0.4235	-5.2
0.42375	-5.2
0.424	-5.0
0.42425	-4.8
0.4245	-4.4
0.42475	-4.0
0.425	-3.4
0.42525	-2.8
0.4255	-1.6
0.42575	0.0
0.426	1.8
0.42625	4.6
0.4265	7.8
0.42675	9.8
0.427	10.2
0.42725	10.4
0.4275	10.4
0.42775	10.4
0.428	10.4
0.42825	10.4
0.4285	10.4
0.42875	10.4
0.429	10.4
0.42925	10.4
0.4295	10.4
0.42975	10.4
0.43	10.4
0.43025	10.4
0.4305	10.4
0.43075	10.4
0.431	10.4
0.43125	10.4
0.4315	10.4
0.43175	10.4
0.432	10.4
0.43225	10.4
0.4325	10.4
0.43275	10.4
0.433	10.4
0.43325	10.6
0.4335	10.4
0.43375	10.4
0.434	10.4
0.43425	10.6
0.4345	10.4
0.43475	10.6
0.435	10.4
0.43525	10.4
0.4355	10.4
0.43575	10.4
0.436	10.6
0.43625	10.6
0.4365	10.4
0.43675	10.4
0.437	10.4
0.43725	10.6
0.4375	10.4
0.43775	10.4
0.438	10.4
0.43825	10.6
0.4385	10.6
0.43875	10.6
0.439	10.4
0.43925	10.4
0.4395	10.4
0.43975	10.2
0.44	10.2
0.44025	10.0
0.4405	10.2
0.44075	10.2
0.441	10.0
0.44125	10.0
0.4415	10.0
0.44175	10.0
0.442	10.0
0.44225	9.8
0.4425	10.0
0.44275	9.8
0.443	9.8
0.44325	9.8
0.4435	9.8
0.44375	9.8
0.444	9.6
0.44425	9.6
0.4445	9.6
0.44475	9.8
0.445	9.6
0.44525	9.6
0.4455	9.4
0.44575	9.4
0.446	9.4
0.44625	9.4
0.4465	9.2
0.44675	9.2
0.447	9.4
0.44725	9.2
0.4475	9.0
0.44775	9.2
0.448	9.2
0.44825	9.0
0.4485	9.0
0.44875	9.0
0.449	9.0
0.44925	9.0
0.4495	9.0
0.44975	8.8
0.45	9.0
0.45025	8.8
0.4505	8.8
0.45075	8.8
0.451	8.8
0.45125	8.8
0.4515	8.8
0.45175	8.8
0.452	8.6
0.45225	8.8
0.4525	8.6
0.45275	8.6
0.453	8.6
0.45325	8.6
0.4535	8.4
0.45375	8.4
0.454	8.4
0.45425	8.4
0.4545	8.4
0.45475	8.2
0.455	8.4
0.45525	8.4
0.4555	8.2
0.45575	8.2
0.456	8.2
0.45625	8.2
0.4565	8.0
0.45675	8.0
0.457	8.0
0.45725	8.0
0.4575	8.0
0.45775	8.2
0.458	8.0
0.45825	8.0
0.4585	7.8
0.45875	7.8
0.459	7.8
0.45925	8.0
0.4595	7.8
0.45975	7.6
0.46	7.8
0.46025	7.8
0.4605	7.8
0.46075	7.6
0.461	7.6
0.46125	7.6
0.4615	7.6
0.46175	7.6
0.462	7.6
0.46225	7.6
0.4625	7.6
0.46275	7.6
0.463	7.6
0.46325	7.6
0.4635	7.4
0.46375	7.4
0.464	7.6
0.46425	7.4
0.4645	7.6
0.46475	7.4
0.465	7.6
0.46525	7.4
0.4655	7.4
0.46575	7.4
0.466	7.2
0.46625	7.4
0.4665	7.2
0.46675	7.2
0.467	7.2
0.46725	7.2
0.4675	7.2
0.46775	7.0
0.468	7.0
0.46825	7.2
0.4685	7.0
0.46875	7.2
0.469	7.0
0.46925	7.0
0.4695	7.0
0.46975	7.0
0.47	7.0
0.47025	7.0
0.4705	6.8
0.47075	7.0
0.471	7.0
0.47125	7.0
0.4715	6.8
0.47175	6.8
0.472	6.8
0.47225	6.8
0.4725	6.8
0.47275	6.8
0.473	6.6
0.47325	6.8
0.4735	6.8
0.47375	6.8
0.474	6.6
0.47425	6.6
0.4745	6.6
0.47475	6.6
0.475	6.6
0.47525	6.4
0.4755	6.6
0.47575	6.6
0.476	6.4
0.47625	6.4
0.4765	6.6
0.47675	6.4
0.477	6.6
0.47725	6.4
0.4775	6.4
0.47775	6.4
0.478	6.4
0.47825	6.4
0.4785	6.4
0.47875	6.4
0.479	6.4
0.47925	6.2
0.4795	6.2
0.47975	6.2
0.48	6.4
0.48025	6.2
0.4805	6.2
0.48075	6.2
0.481	6.2
0.48125	6.2
0.4815	6.2
0.48175	6.2
0.482	6.0
0.48225	6.2
0.4825	6.2
0.48275	6.0
0.483	6.2
0.48325	6.2
0.4835	6.0
0.48375	6.2
0.484	6.0
0.48425	6.2
0.4845	6.0
0.48475	6.0
0.485	5.8
0.48525	6.0
0.4855	5.8
0.48575	6.0
0.486	6.0
0.48625	5.8
0.4865	6.0
0.48675	6.0
0.487	5.8
0.48725	5.8
0.4875	5.8
0.48775	5.8
0.488	5.6
0.48825	5.8
0.4885	5.8
0.48875	5.8
0.489	5.8
0.48925	5.6
0.4895	5.8
0.48975	5.8
0.49	5.8
0.49025	5.6
0.4905	5.6
0.49075	5.6
0.491	5.8
0.49125	5.6
0.4915	5.8
0.49175	5.6
0.492	5.6
0.49225	5.2
0.4925	5.6
0.49275	5.4
0.493	5.0
0.49325	4.8
0.4935	4.2
0.49375	4.0
0.494	3.2
0.49425	2.0
0.4945	0.6
0.49475	-1.4
0.495	-4.0
0.49525	-7.2
0.4955	-9.2
0.49575	-9.2
0.496	-9.4
0.49625	-9.4
0.4965	-9.4
0.49675	-9.4
0.497	-9.6
0.49725	-9.6
0.4975	-9.6
0.49775	-9.6
0.498	-9.6
0.49825	-9.6
0.4985	-9.6
0.49875	-9.6
0.499	-9.8
0.49925	-9.8
0.4995	-9.8
0.49975	-9.8
0.5	-9.6
0.50025	-9.8
0.5005	-9.6
0.50075	-9.8
0.501	-9.8
0.50125	-10.0
0.5015	-9.8
0.50175	-9.8
0.502	-10.0
0.50225	-9.8
0.5025	-9.8
0.50275	-10.0
0.503	-10.0
0.50325	-10.0
0.5035	-10.0
0.50375	-10.0
0.504	-10.0
0.50425	-10.0
0.5045	-10.0
0.50475	-9.8
0.505	-10.0
0.50525	-10.0
0.5055	-10.0
0.50575	-10.0
0.506	-10.0
0.50625	-10.0
0.5065	-10.0
0.50675	-10.0
0.507	-10.0
0.50725	-10.0
0.5075	-10.0
0.50775	-10.0
0.508	-10.0
0.50825	-10.0
0.5085	-10.0
0.50875	-10.0
0.509	-10.0
0.50925	-10.0
0.5095	-10.0
0.50975	-10.0
0.51	-9.8
0.51025	-10.0
0.5105	-10.0
0.51075	-10.0
0.511	-10.0
0.51125	-9.8
0.5115	-9.6
0.51175	-9.6
0.512	-9.6
0.51225	-9.6
0.5125	-9.4
0.51275	-9.4
0.513	-9.2
0.51325	-9.2
0.5135	-9.2
0.51375	-9.2
0.514	-9.0
0.51425	-9.0
0.5145	-8.8
0.51475	-8.8
0.515	-8.8
0.51525	-8.6
0.5155	-8.8
0.51575	-8.8
0.516	-8.6
0.51625	-8.8
0.5165	-8.6
0.51675	-8.8
0.517	-8.6
0.51725	-8.6
0.5175	-8.6
0.51775	-8.6
0.518	-8.6
0.51825	-8.6
0.5185	-8.6
0.51875	-8.4
0.519	-8.4
0.51925	-8.4
0.5195	-8.4
0.51975	-8.4
0.52	-8.4
0.52025	-8.4
0.5205	-8.2
0.52075	-8.2
0.521	-8.2
0.52125	-8.2
0.5215	-8.0
0.52175	-8.2
0.522	-8.0
0.52225	-8.0
0.5225	-8.0
0.52275	-8.0
0.523	-8.0
0.52325	-8.0
0.5235	-8.0
0.52375	-8.0
0.524	-7.8
0.52425	-7.8
0.5245	-7.8
0.52475	-7.8
0.525	-7.8
0.52525	-7.8
0.5255	-7.8
0.52575	-7.8
0.526	-7.6
0.52625	-7.8
0.5265	-7.6
0.52675	-7.6
0.527	-7.6
0.52725	-7.6
0.5275	-7.6
0.52775	-7.6
0.528	-7.4
0.52825	-7.4
0.5285	-7.4
0.52875	-7.4
0.529	-7.4
0.52925	-7.4
0.5295	-7.4
0.52975	-7.4
0.53	-7.2
0.53025	-7.2
0.5305	-7.4
0.53075	-7.2
0.531	-7.2
0.53125	-7.2
0.5315	-7.0
0.53175	-7.2
0.532	-7.2
0.53225	-7.2
0.5325	-7.0
0.53275	-7.0
0.533	-7.0
0.53325	-7.0
0.5335	-7.2
0.53375	-7.0
0.534	-7.2
0.53425	-7.0
0.5345	-7.0
0.53475	-7.0
0.535	-7.0
0.53525	-6.8
0.5355	-6.8
0.53575	-6.8
0.536	-6.8
0.53625	-6.8
0.5365	-6.8
0.53675	-6.8
0.537	-6.8
0.53725	-6.6
0.5375	-6.6
0.53775	-6.8
0.538	-6.6
0.53825	-6.6
0.5385	-6.6
0.53875	-6.6
0.539	-6.6
0.53925	-6.6
0.5395	-6.6
0.53975	-6.6
0.54	-6.6
0.54025	-6.4
0.5405	-6.6
0.54075	-6.4
0.541	-6.6
0.54125	-6.4
0.5415	-6.4
0.54175	-6.4
0.542	-6.4
0.54225	-6.2
0.5425	-6.4
0.54275	-6.4
0.543	-6.4
0.54325	-6.2
0.5435	-6.2
0.54375	-6.4
0.544	-6.2
0.54425	-6.4
0.5445	-6.2
0.54475	-6.4
0.545	-6.4
0.54525	-6.2
0.5455	-6.2
0.54575	-6.2
0.546	-6.0
0.54625	-6.2
0.5465	-6.2
0.54675	-6.2
0.547	-6.0
0.54725	-6.0
0.5475	-6.0
0.54775	-6.0
0.548	-6.0
0.54825	-6.0
0.5485	-6.0
0.54875	-5.8
0.549	-5.8
0.54925	-5.8
0.5495	-5.8
0.54975	-5.8
0.55	-5.8
0.55025	-5.8
0.5505	-6.0
0.55075	-5.8
0.551	-6.0
0.55125	-5.8
0.5515	-5.8
0.55175	-5.6
0.552	-5.8
0.55225	-5.8
0.5525	-5.6
0.55275	-5.6
0.553	-5.8
0.55325	-5.6
0.5535	-5.6
0.55375	-5.6
0.554	-5.6
0.55425	-5.8
0.5545	-5.6
0.55475	-5.6
0.555	-5.6
0.55525	-5.4
0.5555	-5.6
0.55575	-5.4
0.556	-5.6
0.55625	-5.6
0.5565	-5.4
0.55675	-5.4
0.557	-5.6
0.55725	-5.4
0.5575	-5.6
0.55775	-5.4
0.558	-5.4
0.55825	-5.4
0.5585	-5.4
0.55875	-5.2
0.559	-5.2
0.55925	-5.2
0.5595	-5.2
0.55975	-5.2
0.56	-5.0
0.56025	-4.8
0.5605	-4.6
0.56075	-4.2
0.561	-3.8
0.56125	-3.0
0.5615	-2.0
0.56175	-0.6
0.562	1.2
0.56225	3.4
0.5625	6.8
0.56275	9.0
0.563	10.0
0.56325	10.4
0.5635	10.4
0.56375	10.4
0.564	10.4
0.56425	10.2
0.5645	10.4
0.56475	10.4
0.565	10.4
0.56525	-25.6
0.5655	-25.6
0.56575	-25.6
0.566	-25.6
0.56625	-25.6
0.5665	-25.6
0.56675	-25.6
0.567	-25.6
0.56725	-25.6
0.5675	-25.6
0.56775	-25.6
0.568	-25.6
0.56825	-25.6
0.5685	-25.6
0.56875	-25.6
0.569	-25.6
0.56925	-25.6
0.5695	-25.6
0.56975	-25.6
0.57	-25.6
0.57025	-25.6
0.5705	-25.6
0.57075	-25.6
0.571	-25.6
0.57125	-25.6
0.5715	-25.6
0.57175	-25.6
0.572	-25.6
0.57225	-25.6
0.5725	-25.6
0.57275	-25.6
0.573	-25.6
0.57325	-25.6
0.5735	-25.6
0.57375	-25.6
0.574	-25.6
0.57425	-25.6
0.5745	-25.6
0.57475	-25.6
0.575	-25.6
0.57525	-25.6
0.5755	-25.6
0.57575	-25.6
0.576	-25.6
0.57625	-25.6
0.5765	-25.6
0.57675	-25.6
0.577	-25.6
0.57725	-25.6
0.5775	-25.6
0.57775	-25.6
0.578	-25.6
0.57825	-25.6
0.5785	-25.6
0.57875	-25.6
0.579	-25.6
0.57925	-25.6
0.5795	-25.6
0.57975	-25.6
0.58	-25.6
0.58025	-25.6
0.5805	-25.6
0.58075	-25.6
0.581	-25.6
0.58125	-25.6
0.5815	-25.6
0.58175	-25.6
0.582	-25.6
0.58225	-25.6
0.5825	-25.6
0.58275	-25.6
0.583	-25.6
0.58325	-25.6
0.5835	-25.6
0.58375	-25.6
0.584	-25.6
0.58425	-25.6
0.5845	-25.6
0.58475	-25.6
0.585	-25.6
0.58525	-25.6
0.5855	-25.6
0.58575	-25.6
0.586	-25.6
0.58625	-25.6
0.5865	-25.6
0.58675	-25.6
0.587	-25.6
0.58725	-25.6
0.5875	-25.6
0.58775	-25.6
0.588	-25.6
0.58825	-25.6
0.5885	-25.6
0.58875	-25.6
0.589	-25.6
0.58925	-25.6
0.5895	-25.6
0.58975	-25.6
0.59	-25.6
0.59025	-25.6
0.5905	-25.6
0.59075	-25.6
0.591	-25.6
0.59125	-25.6
0.5915	-25.6
0.59175	-25.6
0.592	-25.6
0.59225	-25.6
0.5925	-25.6
0.59275	-25.6
0.593	-25.6
0.59325	-25.6
0.5935	-25.6
0.59375	-25.6
0.594	-25.6
0.59425	-25.6
0.5945	-25.6
0.59475	-25.6
0.595	-25.6
0.59525	-25.6
0.5955	-25.6
0.59575	-25.6
0.596	-25.6
0.59625	-25.6
0.5965	-25.6
0.59675	-25.6
0.597	-25.6
0.59725	-25.6
0.5975	-25.6
0.59775	-25.6
0.598	-25.6
0.59825	-25.6
0.5985	-25.6
0.59875	-25.6
0.599	-25.6
0.59925	-25.6
0.5995	-25.6
0.59975	-25.6
0.6	-25.6
0.60025	-25.6
0.6005	-25.6
0.60075	-25.6
0.601	-25.6
0.60125	-25.6
0.6015	-25.6
0.60175	-25.6
0.602	-25.6
0.60225	-25.6
0.6025	-25.6
0.60275	-25.6
0.603	-25.6
0.60325	-25.6
0.6035	-25.6
0.60375	-25.6
0.604	-25.6
0.60425	-25.6
0.6045	-25.6
0.60475	-25.6
0.605	-25.6
0.60525	-25.6
0.6055	-25.6
0.60575	-25.6
0.606	-25.6
0.60625	-25.6
0.6065	-25.6
0.60675	-25.6
0.607	-25.6
0.60725	-25.6
0.6075	-25.6
0.60775	-25.6
0.608	-25.6
0.60825	-25.6
0.6085	-25.6
0.60875	-25.6
0.609	-25.6
0.60925	-25.6
0.6095	-25.6
0.60975	-25.6
0.61	-25.6
0.61025	-25.6
0.6105	-25.6
0.61075	-25.6
0.611	-25.6
0.61125	-25.6
0.6115	-25.6
0.61175	-25.6
0.612	-25.6
0.61225	-25.6
0.6125	-25.6
0.61275	-25.6
0.613	-25.6
0.61325	-25.6
0.6135	-25.6
0.61375	-25.6
0.614	-25.6
0.61425	-25.6
0.6145	-25.6
0.61475	-25.6
0.615	-25.6
0.61525	-25.6
0.6155	-25.6
0.61575	-25.6
0.616	-25.6
0.61625	-25.6
0.6165	-25.6
0.61675	-25.6
0.617	-25.6
0.61725	-25.6
0.6175	-25.6
0.61775	-25.6
0.618	-25.6
0.61825	-25.6
0.6185	-25.6
0.61875	-25.6
0.619	-25.6
0.61925	-25.6
0.6195	-25.6
0.61975	-25.6
0.62	-25.6
0.62025	-25.6
0.6205	-25.6
0.62075	-25.6
0.621	-25.6
0.62125	-25.6
0.6215	-25.6
0.62175	-25.6
0.622	-25.6
0.62225	-25.6
0.6225	-25.6
0.62275	-25.6
0.623	-25.6
0.62325	-25.6
0.6235	-25.6
0.62375	-25.6
0.624	-25.6
0.62425	-25.6
0.6245	-25.6
0.62475	-25.6
