t	v0	v1
1000.0	-1.4393443019736143	1.4917326611894817
1000.2502502502502	-1.42904667194093	1.4792400337506086
1000.5005005005005	-1.4189554950299756	1.4669758433998796
1000.7507507507506	-1.4090665789622445	1.454936265812589
1001.001001001001	-1.3993757447112445	1.4431179847557423
1001.2512512512512	-1.389878826502544	1.4315181920881106
1001.5015015015015	-1.3805716718137275	1.420134587760178
1001.7517517517518	-1.3714501413744133	1.4089653798141621
1002.002002002002	-1.3625101091662695	1.3980092843840344
1002.2522522522522	-1.3537474624229733	1.3872655256954691
1002.5025025025026	-1.34515790715948	1.3767367102994879
1002.7527527527528	-1.3367307374532513	1.3664242131654023
1003.0030030030031	-1.3284663179511826	1.356317803901937
1003.2532532532532	-1.3203647275809058	1.3464054732962178
1003.5035035035035	-1.3124255627125543	1.3366766085163482
1003.7537537537537	-1.304647937158785	1.327121993111436
1004.0040040040041	-1.297030482174759	1.3177338070115716
1004.2542542542543	-1.2895713464581608	1.3085056265278492
1004.5045045045044	-1.2822681961491798	1.2994324243523447
1004.7547547547547	-1.27511821483051	1.2905105695581178
1005.005005005005	-1.268118103527366	1.2817378275992277
1005.2552552552553	-1.2612640807074795	1.2731133603107312
1005.5055055055057	-1.2545518822810822	1.2646377259086619
1005.7557557557558	-1.2479767616009332	1.2563128789900626
1006.006006006006	-1.2415334894622858	1.248142170532945
1006.2562562562563	-1.2352163541029169	1.240130347896326
1006.5065065065065	-1.229019161203113	1.2322835548202105
1006.7567567567568	-1.2229352338856727	1.2246093314255952
1007.0070070070069	-1.2169574127159095	1.2171166142144696
1007.2572572572573	-1.2110673305386728	1.209827019750666
1007.5075075075075	-1.2052551297960372	1.202742160915223
1007.7577577577578	-1.1995383716746424	1.1958243569565867
1008.008008008008	-1.1939321399084921	1.1890410919113696
1008.2582582582581	-1.1884483996919895	1.1823653586713248
1008.5085085085086	-1.183095997679922	1.1757756589833275
1008.7587587587589	-1.1778806619874964	1.169256003449417
1009.0090090090091	-1.1728050021902992	1.1627959115267499
1009.2592592592594	-1.1678685093243182	1.1563904115276251
1009.5095095095095	-1.1630675558859411	1.1500400406194822
1009.7597597597597	-1.158395395831946	1.1437508448248894
1010.01001001001	-1.1538421645795136	1.137534379021561
1010.2602602602603	-1.1493948790062183	1.131407706942343
1010.5105105105105	-1.1450374374500394	1.12539340117523
1010.7607607607607	-1.1407506197093398	1.1195195431633358
1011.011011011011	-1.1365120870428893	1.113819723204926
1011.2612612612612	-1.1322963821698513	1.108333040453397
1011.5115115115115	-1.1280745875258653	1.1031029064602655
1011.7617617617618	-1.123835274894913	1.0981223725134495
1012.0120120120121	-1.1196219464257051	1.0933159182335146
1012.2622622622623	-1.1154792412978458	1.0886159506749868
1012.5125125125126	-1.111442880004022	1.0839676626449628
1012.7627627627628	-1.1075396643500013	1.0793290327031053
1013.0130130130129	-1.103787477454634	1.074670825161647
1013.2632632632633	-1.1001952837498448	1.0699765900853795
1013.5135135135135	-1.096763128980649	1.0652426632916736
1013.7637637637638	-1.0934821402051365	1.0604781663504597
1014.014014014014	-1.0903345257944794	1.055705006584237
1014.2642642642642	-1.0872935754329323	1.050957877068074
1014.5145145145144	-1.0843236601178263	1.046284256629601
1014.7647647647648	-1.0813802321595767	1.041744409849018
1015.015015015015	-1.078409825181682	1.0374113870590977
1015.2652652652654	-1.075350054120716	1.0333710243451728
1015.5155155155155	-1.0721644735072668	1.0295537339288607
1015.7657657657658	-1.068955712079288	1.02562250887305
1016.016016016016	-1.0657891117448548	1.0217887818546891
1016.2662662662663	-1.0627113892237983	1.018204888854971
1016.5165165165165	-1.059756346679969	1.0149179977967664
1016.7667667667668	-1.056944871721237	1.0118701085446231
1017.017017017017	-1.0542849373994911	1.0088980529047658
1017.2672672672672	-1.0517716022106387	1.0057334946250969
1017.5175175175175	-1.0493870100946068	1.002002929395196
1017.7677677677677	-1.0471003904353418	0.9972276848463196
1018.018018018018	-1.0448680580608083	0.990823920551402
1018.2682682682682	-1.0426334132429909	0.982102628025054
1018.5185185185186	-1.0403269416978915	0.9702696307235585
1018.7687687687688	-1.0378662145855349	0.9544255840448911
1019.019019019019	-1.0351799211322528	0.9335035238261239
1019.2692692692692	-1.032373493021467	0.9060263863445085
1019.5195195195195	-1.0294451839859227	0.8705337370796989
1019.7697697697698	-1.0263385801873184	0.8247916065836369
1020.0200200200201	-1.022974141997113	0.7656650181898741
1020.2702702702702	-1.0192492039965217	0.6891179880134901
1020.5205205205204	-1.0150379749765117	0.5902135249510049
1020.7707707707707	-1.0101915379378137	0.4631136306806003
1021.0210210210209	-1.004580265926808	0.30279113789141393
1021.2712712712713	-0.9980045073203982	0.124963629629527
1021.5215215215214	-0.9869895073159363	-0.12187677315310885
1021.7717717717718	-0.9680061862881909	-0.47259943231862167
1022.022022022022	-0.938516600728235	-0.912133478103659
1022.2722722722723	-0.8969739432433753	-1.3754678091208188
1022.5225225225225	-0.8427542346407073	-1.7518406350128921
1022.7727727727728	-0.773553166474249	-2.027811541408041
1023.023023023023	-0.6850728092512985	-2.239834647454035
1023.2732732732733	-0.5719042380246779	-2.4002563045890093
1023.5235235235235	-0.4271670424546647	-2.5204186178600745
1023.7737737737738	-0.24248985668548662	-2.61062937826286
1024.024024024024	-0.0072280584947781445	-2.6776040174833047
1024.2742742742741	0.29244603752273013	-2.726004868248128
1024.5245245245244	0.6742725627993803	-2.7604937628162687
1024.7747747747746	1.147662395588555	-2.785086995572235
1025.0250250250251	1.5617785054131206	-2.8020958532285336
1025.2752752752754	1.87818105473862	-2.812141958705393
1025.5255255255256	2.1186508734263927	-2.8158332450766803
1025.7757757757759	2.2994754099247983	-2.813873742139164
1026.026026026026	2.433538979149233	-2.8069665359908407
1026.2762762762763	2.530981329074886	-2.7957976457146483
1026.5265265265266	2.5996945159951856	-2.7810178045530463
1026.7767767767768	2.6460220351693007	-2.7632103891152195
1027.027027027027	2.674801932908149	-2.742907331614835
1027.2772772772773	2.6898868444672006	-2.7205777555545647
1027.5275275275276	2.694437883030292	-2.6966182691813505
1027.7777777777776	2.690793294269267	-2.6713912413448075
1028.028028028028	2.680775541060113	-2.645195175976872
1028.2782782782783	2.6659162717473435	-2.6182889666079006
1028.5285285285286	2.647435695364256	-2.5908817038720993
1028.7787787787788	2.6261694940811653	-2.5631571238651065
1029.029029029029	2.6027977881812983	-2.5352657672380623
1029.2792792792793	2.577919096428676	-2.507334123521098
1029.5295295295296	2.5520319885672107	-2.479460052715615
1029.7797797797798	2.525457379927643	-2.451740049695164
1030.03003003003	2.498410757444871	-2.424232680232947
1030.2802802802803	2.471096848795221	-2.3969929563224457
1030.5305305305305	2.4437049811126017	-2.3700667975922958
1030.7807807807808	2.4163983224211805	-2.343487965143107
1031.031031031031	2.3892640299856094	-2.317290209285643
1031.2812812812813	2.3623407209027696	-2.2914859686979043
1031.5315315315315	2.3356732766095014	-2.266088687663569
1031.7817817817818	2.3093090435767367	-2.2411098593582284
1032.032032032032	2.2832978333094975	-2.2165590258493832
1032.2822822822823	2.257683102301299	-2.1924385512907376
1032.5325325325325	2.2324818467508236	-2.168760261882613
1032.7827827827828	2.207681762340732	-2.1455155357504125
1033.033033033033	2.1832813075211153	-2.1227007739900876
1033.2832832832833	2.159281933335542	-2.100312591124847
1033.5335335335335	2.1356880834210545	-2.0783478151051558
1033.7837837837837	2.1125071940081717	-2.0568034873087364
1034.034034034034	2.089754612156673	-2.035681468926466
1034.2842842842842	2.0674191015032464	-2.0149677314530803
1034.5345345345345	2.0454902436989117	-1.9946585245202797
1034.7847847847847	2.023958555085338	-1.9747459956301558
1035.035035035035	2.002815958560237	-1.9552227234004138
1035.2852852852852	1.982055783577366	-1.9360817175643716
1035.5355355355355	1.9616727661465276	-1.9173164189709602
1035.7857857857857	1.941663048833568	-1.8989206995847232
1036.036036036036	1.9220241807603784	-1.8808888624858178
1036.2862862862864	1.9027551176048783	-1.863215641869998
1036.5365365365365	1.883852437516407	-1.8458956853072004
1036.7867867867867	1.8653023349205693	-1.8289193325738167
1037.037037037037	1.8470972601765197	-1.8122800653595155
1037.2872872872872	1.8292295756231878	-1.7959709405224051
1037.5375375375374	1.8116922020247597	-1.7799852559228606
1037.7877877877877	1.794478618570679	-1.7643165504235239
1038.038038038038	1.7775828628756458	-1.7489586038893048
1038.2882882882882	1.7609995309796174	-1.7339054371873786
1038.5385385385387	1.7447237773477942	-1.719151312187176
1038.788788788789	1.728751314870677	-1.7046907317604336
1039.039039039039	1.7130784148639933	-1.690518439781128
1039.2892892892894	1.6977019070686874	-1.6766294211254655
1039.5395395395396	1.6826196556089106	-1.663020040148244
1039.78978978979	1.667819036675208	-1.6496794781780229
1040.0400400400401	1.6532955091724353	-1.6366045421561215
1040.2902902902902	1.6390425573744722	-1.6237899821920976
1040.5405405405404	1.6250540533630748	-1.6112306421954683
1040.7907907907907	1.6113242570279533	-1.59892145987578
1041.0410410410411	1.5978478160667087	-1.5868574667425501
1041.2912912912914	1.584619765984894	-1.575033788105324
1041.5415415415414	1.5716355300959521	-1.5634456430736174
1041.7917917917919	1.558890919521208	-1.5520883445569111
1042.042042042042	1.5463821331899716	-1.5409572992647413
1042.2922922922924	1.5341057578394222	-1.5300480077065979
1042.5425425425426	1.5220587680146653	-1.5193560641919737
1042.7927927927929	1.5102385260687226	-1.5088771568303572
1043.043043043043	1.4986427821625312	-1.4986070675312304
1043.2932932932933	1.487271786129416	-1.4885434372585125
1043.5435435435436	1.4761232166455676	-1.4786757998610633
1043.7937937937938	1.4651932308143336	-1.4690016562787105
1044.044044044044	1.454472532591265	-1.4595186967718197
1044.2942942942943	1.443952690885977	-1.4502244474563912
1044.5445445445446	1.4336261395621506	-1.4411162703040596
1044.7947947947948	1.423486177437533	-1.4321913631420948
1045.045045045045	1.4135269682839355	-1.4234467596534008
1045.2952952952953	1.403743540827236	-1.4148793293765158
1045.5455455455456	1.3941317887473774	-1.4064857777056137
1045.7957957957958	1.384688470678368	-1.398262645890502
1046.046046046046	1.3754112102082816	-1.3902063110366234
1046.2962962962963	1.3662984958792574	-1.3823129861050547
1046.5465465465466	1.3573496811875003	-1.3745787199125077
1046.7967967967968	1.3485649845832808	-1.3669993971313292
1047.047047047047	1.3399454894709342	-1.3595707382894997
1047.2972972972973	1.331493144208861	-1.352288299770634
1047.5475475475475	1.3232107621095288	-1.3451474738139837
1047.7977977977978	1.3151020214394686	-1.3381434885144323
1048.048048048048	1.3071741252771898	-1.3312716732666408
1048.2982982982983	1.2994497973443915	-1.3245091052820224
1048.5485485485485	1.291914827705808	-1.3178586011247149
1048.798798798799	1.2845412954368072	-1.3113299929834903
1049.049049049049	1.2773052254069202	-1.3049312289150101
1049.2992992992993	1.2701865882797752	-1.2986683728437665
1049.5495495495495	1.2631693005131632	-1.2925456045621413
1049.7997997997998	1.2562412243590058	-1.286565219730376
1050.05005005005	1.2493941678633607	-1.2807276298765786
1050.3003003003003	1.2426238848664222	-1.275031362396722
1050.5505505505505	1.2359300750025217	-1.2694730605546458
1050.8008008008007	1.229316383700127	-1.2640474834820554
1051.051051051051	1.2227904021818428	-1.2587475061785218
1051.3013013013012	1.2163636674644096	-1.253564119511482
1051.5515515515515	1.2100516623587056	-1.248486430216239
1051.801801801802	1.2038738154697401	-1.2435016608959573
1052.0520520520522	1.1978535011966758	-1.2385951500216812
1052.3023023023022	1.1920180397327977	-1.2337503519323096
1052.5525525525525	1.186398697065522	-1.2289488368346018
1052.802802802803	1.1810293013796376	-1.2241597527491965
1053.0530530530532	1.1758841968377507	-1.2193873598640663
1053.3033033033034	1.1708886738125042	-1.2146739376038211
1053.5535535535535	1.1659812452114995	-1.2100560732864583
1053.8038038038037	1.1611126159535796	-1.2055625704151502
1054.054054054054	1.1562456829688545	-1.20121444867827
1054.3043043043042	1.1513555351986855	-1.1970249439493734
1054.5545545545547	1.1464294535956825	-1.1929995082872002
1054.8048048048047	1.1414669111237292	-1.1891358099356921
1055.0550550550552	1.136479572757931	-1.1854237333239535
1055.3053053053054	1.1314912954846807	-1.1818453790663004
1055.5555555555557	1.1265381283016067	-1.1783750639622228
1055.805805805806	1.1216683122175966	-1.1749793209964021
1056.0560560560561	1.1169422802527922	-1.171616899338706
1056.3063063063064	1.1124326574385917	-1.168238764344191
1056.5565565565566	1.1082242608176442	-1.1647880975531
1056.806806806807	1.1043781758540203	-1.1612188921542397
1057.0570570570571	1.100757194195359	-1.1576079384106337
1057.3073073073072	1.0972548728460636	-1.1540279567754073
1057.5575575575576	1.0937951606871195	-1.1505336016350518
1057.8078078078079	1.090319305821962	-1.1471666483751992
1058.0580580580581	1.0867858555764476	-1.1439559933805892
1058.3083083083084	1.083170656498867	-1.1409176540350847
1058.5585585585586	1.0794668543599442	-1.1380547687216693
1058.8088088088089	1.075684894152835	-1.1353575968224476
1059.059059059059	1.0718525200931275	-1.132803518718644
1059.3093093093094	1.0680147756188425	-1.130357035790604
1059.5595595595596	1.0642340033904334	-1.1279697704177938
1059.8098098098098	1.0605898452907847	-1.1255804659787993
1060.06006006006	1.0571792424252153	-1.1231149868513275
1060.3103103103103	1.0541153629144604	-1.1204865335799996
1060.5605605605606	1.0513260137796112	-1.1177432045086915
1060.8108108108108	1.0486434248808032	-1.1150077040406523
1061.061061061061	1.0460054324036587	-1.1123291855519668
1061.3113113113113	1.0433637149460344	-1.1097455107212977
1061.5615615615616	1.040683793518022	-1.1072832495298865
1061.8118118118118	1.0379450315419485	-1.1049576802615544
1062.062062062062	1.0351406348523753	-1.1027727895027
1062.3123123123123	1.032277651696099	-1.1007212721423016
1062.5625625625626	1.0293769727321505	-1.0987845313719165
1062.8128128128128	1.0264733310317962	-1.09693267868568
1063.063063063063	1.0236153020785377	-1.0951245338803062
1063.3133133133133	1.0208653037681101	-1.0933076250550888
1063.5635635635635	1.0182995964084847	-1.0914181886118999
1063.8138138138138	1.0159878394438477	-1.0893935999284867
1064.064064064064	1.0138195613062948	-1.087325739767438
1064.3143143143143	1.0118053086116034	-1.0852824829517418
1064.5645645645645	1.0099517921793264	-1.0832959859561033
1064.8148148148148	1.008203981336465	-1.0813891717694115
1065.065065065065	1.0064451039174676	-1.0795757298947373
1065.3153153153153	1.0044966462642313	-1.077860116349335
1065.5655655655655	1.0021183532261013	-1.0762375536646416
1065.8158158158158	0.9990082281598707	-1.0746940308862765
1066.066066066066	0.9948025329297803	-1.0732063035740425
1066.3163163163163	0.9890757879075188	-1.071741893801925
1066.5665665665665	0.9813407719722241	-1.070259090158092
1066.8168168168168	0.9710485225104806	-1.0687069477448943
1067.067067067067	0.9575883354163218	-1.0670252881788662
1067.3173173173172	0.9399082297611633	-1.0651799985862844
1067.5675675675675	0.916757343644411	-1.0632310550992634
1067.8178178178177	0.8876417285237181	-1.061179415762223
1068.068068068068	0.8511374743754583	-1.0589957101744147
1068.3183183183182	0.804823399901972	-1.056623922409332
1068.5685685685685	0.745281052531571	-1.053981391014709
1068.8188188188187	0.6680947084185146	-1.050958809012522
1069.069069069069	0.5678513724430556	-1.0474202238989887
1069.3193193193192	0.4381407782113941	-1.043203037644568
1069.5695695695697	0.2715553880555134	-1.038118006693955
1069.8198198198197	0.05969039303406487	-1.031949241966107
1070.07007007007	-0.21841143876772695	-1.0243394832093315
1070.3203203203202	-0.5758223778083144	-1.0148951025613147
1070.5705705705705	-0.9661892988078441	-1.003511965834163
1070.820820820821	-1.3488359440390583	-0.9897126643414091
1071.071071071071	-1.692093748493555	-0.9726143513293499
1071.3213213213212	-1.9733018398851536	-0.95092874197691
1071.5715715715714	-2.1882901763686182	-0.9230884237414991
1071.8218218218217	-2.351837199835161	-0.8874917408356557
1072.0720720720722	-2.4733907540682445	-0.8419918400363802
1072.3223223223222	-2.5616649028874448	-0.7837950774502609
1072.5725725725727	-2.6246976614259054	-0.709460014593813
1072.822822822823	-2.669222625578713	-0.6147448451628851
1073.073073073073	-2.6984953438005417	-0.4942540693391823
1073.3233233233234	-2.715496666718843	-0.3409555200349692
1073.5735735735734	-2.7231069534166705	-0.14554561770221952
1073.823823823824	-2.7240818281747505	0.10358304330402357
1074.074074074074	-2.721000798955675	0.4274556357833592
1074.3243243243242	-2.7155556488101995	0.8610076554832482
1074.5745745745746	-2.7088215637085398	1.2985892093462414
1074.8248248248246	-2.701075300972464	1.662383688303037
1075.0750750750751	-2.691674229871763	1.9376291200546696
1075.3253253253254	-2.679734092255895	2.151345505203281
1075.5755755755756	-2.6655694473734775	2.3113332505592004
1075.8258258258259	-2.649312374326256	2.4285589681655573
1076.076076076076	-2.6310476395261406	2.512669779658201
1076.3263263263264	-2.6109058286128923	2.5714099000204453
1076.5765765765766	-2.589205966501584	2.609883987451785
1076.8268268268268	-2.5662366785924946	2.6321587389378855
1077.077077077077	-2.542216000212432	2.641918484770002
1077.3273273273273	-2.5172993373235784	2.6424235556825892
1077.5775775775776	-2.4916901722595988	2.6358345150525886
1077.8278278278278	-2.4656007496203234	2.623495138799619
1078.0780780780779	-2.439192606948988	2.6066687033175002
1078.3283283283283	-2.412594960455894	2.586507699575725
1078.5785785785786	-2.3859130459657005	2.564040762078609
1078.8288288288288	-2.359241145396099	2.5398815705874145
1079.079079079079	-2.3326707910993156	2.5143801480019783
1079.3293293293293	-2.306271324812436	2.48787832733619
1079.5795795795798	-2.280099480147467	2.4607140715358433
1079.8298298298298	-2.2541993825914544	2.4332214734787594
1080.08008008008	-2.2286036225121553	2.4056801442649345
1080.3303303303303	-2.2033511132460633	2.3781578342089036
1080.5805805805805	-2.178459061237726	2.3507082576537126
1080.8308308308308	-2.153944021551081	2.3233990204886474
1081.081081081081	-2.129819678843851	2.2963048061519187
1081.3313313313313	-2.106096847367549	2.2695073756306625
1081.5815815815815	-2.082787607085565	2.2430977784662156
1081.8318318318318	-2.05988912919504	2.21708766362057
1082.0820820820823	-2.037404159286563	2.191465570195907
1082.3323323323325	-2.0153300786185087	2.1662289358796913
1082.5825825825827	-1.9936643308535393	2.141380405630969
1082.832832832833	-1.9724044220586876	2.116927831680459
1083.083083083083	-1.951547920705352	2.0928842735305526
1083.3333333333335	-1.931092457669208	2.0692679979552056
1083.5835835835835	-1.9110324333268072	2.0460933601999485
1083.8338338338338	-1.8913669837877507	2.0233466256958197
1084.0840840840842	-1.87208554094755	2.0010095505322965
1084.3343343343342	-1.8531809249849354	1.9790724277900265
1084.5845845845847	-1.834646331892203	1.9575274763999502
1084.8348348348347	-1.8164753334754722	1.936368841143597
1085.0850850850852	-1.7986618773544152	1.915592592652773
1085.3353353353355	-1.7812002869625063	1.8951967274098498
1085.5855855855857	-1.7640852615468423	1.875181167747555
1085.835835835836	-1.7473153861135966	1.8555515979979484
1086.0860860860862	-1.7308767007623485	1.8362902498430196
1086.3363363363364	-1.7147652867432959	1.8173885181767224
1086.5865865865867	-1.698974370680942	1.7988374847765036
1086.8368368368367	-1.6834973982559487	1.7806289892816272
1087.0870870870872	-1.6683280342050688	1.7627556291930913
1087.3373373373374	-1.6534601623212841	1.7452107598737943
1087.5875875875877	-1.638887885453666	1.7279884945483683
1087.837837837838	-1.624605525507445	1.7110837043032632
1088.088088088088	-1.6106076234440105	1.6944920180867433
1088.3383383383384	-1.5968889392808476	1.6782098227088151
1088.5885885885887	-1.583444452091662	1.6622342628413749
1088.838838838839	-1.5702726141610124	1.6465670816183133
1089.0890890890892	-1.5573609242035402	1.6311955458444056
1089.3393393393394	-1.5447065189040288	1.6161141521844185
1089.5895895895897	-1.5323045444105028	1.6013152112817446
1089.83983983984	-1.5201501929328232	1.5867915606622836
1090.0900900900901	-1.5082387027426845	1.5725365647344427
1090.3403403403404	-1.4965653581736171	1.5585441147891366
1090.5905905905906	-1.4851254896209864	1.5448086289997864
1090.8408408408409	-1.4739144735419922	1.5313250524223208
1091.0910910910911	-1.46292773245567	1.5180888569951758
1091.3413413413414	-1.4521607349428896	1.5050960415392947
1091.5915915915916	-1.441608995646356	1.492343131758127
1091.8418418418419	-1.43126807527061	1.479827180237631
1092.0920920920921	-1.4211335805820247	1.4675457664462699
1092.3423423423424	-1.4112011644088138	1.4554969967350186
1092.5925925925926	-1.4014665256410181	1.443679504337352
1092.8428428428429	-1.3919256287557735	1.4320940647040794
1093.093093093093	-1.3825693095528955	1.4207393815520892
1093.3433433433433	-1.3733961265268055	1.409606770157253
1093.5935935935936	-1.364404648631291	1.3986859822852884
1093.8438438438438	-1.355593145309964	1.387967849843039
1094.094094094094	-1.3469595864962611	1.3774442848784734
1094.3443443443443	-1.3385016426134435	1.3671082795806864
1094.5945945945946	-1.3302166845745969	1.3569539062798979
1094.8448448448448	-1.3221017837826319	1.3469763174474538
1095.095095095095	-1.3141537121302838	1.337171745695825
1095.3453453453453	-1.3063689420001126	1.3275375037786088
1095.5955955955956	-1.2987436462645026	1.3180719845905275
1095.8458458458458	-1.2912736982856625	1.3087746611674287
1096.096096096096	-1.2839546719156267	1.2996460866862865
1096.3463463463463	-1.276781841496254	1.2906878944652003
1096.5965965965966	-1.2697501818592265	1.281902797963394
1096.8468468468468	-1.262854368326052	1.2732945907812179
1097.097097097097	-1.2560887767080644	1.2648681466601497
1097.3473473473473	-1.2494471959210014	1.2566297966697209
1097.5975975975975	-1.2429104351531923	1.2486004520298812
1097.8478478478478	-1.2364790845597424	1.240766445396866
1098.098098098098	-1.2301645151653753	1.2330994131204234
1098.3483483483483	-1.2239759428947512	1.2255750735959163
1098.5985985985985	-1.2179204285724674	1.218173227264324
1098.8488488488488	-1.2120028779230585	1.2108777566122413
1099.0990990990992	-1.2062260415709904	1.203676626171872
1099.3493493493493	-1.200590515040687	1.1965618825210627
1099.5995995995995	-1.1950947387564783	1.1895296542832356
1099.8498498498498	-1.189734998042651	1.182580152127455
1100.1001001001	-1.1845054231234249	1.1757176687683948
1100.3503503503503	-1.1793979891229553	1.168950578966344
1100.6006006006005	-1.1744025160653357	1.1622913395272079
1100.8508508508507	-1.1695066688745959	1.1557564893025072
1101.101101101101	-1.164695957374703	1.1493666491893797
1101.3513513513512	-1.1599537362895607	1.143146522130576
1101.6016016016015	-1.1552612052430096	1.1371248931144657
1101.8518518518517	-1.1505967942858297	1.131334970310694
1102.1021021021022	-1.1459394476858318	1.1257854722252019
1102.3523523523525	-1.1413208858549007	1.1204173958094619
1102.6026026026025	-1.1367788718865812	1.1151705503187601
1102.852852852853	-1.1323438509123576	1.1099956141118201
1103.103103103103	-1.1280389501016932	1.1048541346508491
1103.3533533533532	-1.1238799786619755	1.099718528501472
1103.6036036036035	-1.1198754278385585	1.0945720813327833
1103.8538538538537	-1.1160264709147443	1.0894089479173237
1104.1041041041042	-1.112326963211783	1.08423415213108
1104.3543543543542	-1.1087634420888886	1.0790635869535088
1104.6046046046044	-1.1053151269432075	1.0739240144674886
1104.8548548548547	-1.1019539192098504	1.0688530658593682
1105.105105105105	-1.0986444023618762	1.0638992414189417
1105.3553553553554	-1.0953438419102919	1.0591219105394507
1105.6056056056057	-1.0920021854040654	1.0545913117175998
1105.855855855856	-1.0885650064994037	1.050375270253765
1106.1061061061062	-1.0850658504634192	1.0462127923453994
1106.3563563563562	-1.0815823504484572	1.0420429545853507
1106.6066066066066	-1.0781658060172945	1.0379397989215116
1106.856856856857	-1.0748562938145192	1.0339566972568905
1107.1071071071071	-1.0716826675664979	1.0301263514495735
1107.3573573573572	-1.0686625580813955	1.026460793312746
1107.6076076076074	-1.06580237324916	1.0229513846146767
1107.8578578578579	-1.0630972980415367	1.0195688170787336
1108.108108108108	-1.0605312945120706	1.0162631123833867
1108.3583583583584	-1.0580771017960806	1.0129636221621772
1108.6086086086086	-1.0556962361106945	1.0095790280037595
1108.8588588588589	-1.0533389907548223	1.00599734145187
1109.1091091091093	-1.0509444361091655	1.0020859040053367
1109.3593593593594	-1.0484404196362271	0.9976913871180941
1109.6096096096096	-1.0458067768263566	0.9921695320427101
1109.8598598598599	-1.0431715565972592	0.9842460134746637
1110.11011011011	-1.0405559681129597	0.973647178733379
1110.3603603603603	-1.0379567203758557	0.9597238206775549
1110.6106106106106	-1.0353531989632967	0.9413847015780783
1110.8608608608608	-1.0327074660275828	0.917096553118017
1111.111111111111	-1.0299642602959658	0.8848840763926297
1111.361361361361	-1.0270509970706518	0.8423299419094039
1111.6116116116116	-1.023877768228787	0.7865747895878309
1111.861861861862	-1.0203373422224817	0.714317228759784
1112.1121121121123	-1.0163051640787975	0.6218138381693539
1112.3623623623625	-1.0129379917643784	0.5313367510353606
1112.6126126126126	-1.0104044208378562	0.43121304206752986
1112.862862862863	-1.0044625427763307	0.22979974520842
1113.1131131131133	-0.9917737686431467	-0.11221738299120698
1113.3633633633633	-0.9700554004848766	-0.578349868060323
1113.6136136136138	-0.9380806313312162	-1.0963065176093005
1113.8638638638638	-0.8956604825067865	-1.5393625997711538
1114.1141141141143	-0.8414552796878398	-1.8654567722387772
1114.3643643643643	-0.7720426889710235	-2.1174245538023486
1114.6146146146145	-0.6831672173004336	-2.3089176907154285
1114.864864864865	-0.5693448240855311	-2.452706531564713
1115.1151151151153	-0.4238629212012979	-2.5606800272708563
1115.3653653653655	-0.23842893289171946	-2.6421921258561682
1115.6156156156158	-0.002177215526221077	-2.701582240273776
1115.865865865866	0.2989054219563907	-2.7439091291832867
1116.1161161161162	0.6825246070114335	-2.7736558089983663
1116.3663663663663	1.158360647672884	-2.7945999290952983
1116.6166166166167	1.5787437772934467	-2.8086529378016905
1116.866866866867	1.8894321019758291	-2.8163957412107647
1117.1171171171172	2.127372436388905	-2.8182177057943214
1117.3673673673675	2.305985295542477	-2.814788350978465
1117.6176176176175	2.438266228645438	-2.806715708537544
1117.867867867868	2.5344985348033093	-2.7946021470380873
1118.1181181181182	2.602208086606384	-2.779080506242358
1118.3683683683685	2.6476340740056186	-2.760701539224837
1118.6186186186187	2.6758686620420526	-2.739943844927044
1118.868868868869	2.6905956950555323	-2.717261287424911
1119.1191191191192	2.6946927957631766	-2.6930469898917506
1119.3693693693695	2.690638173372601	-2.6676325657482787
1119.6196196196197	2.6804638807507577	-2.6413009659835742
1119.86986986987	2.6655178859471027	-2.614293807426429
1120.1201201201202	2.6468524793303985	-2.5868239044093797
1120.3703703703704	2.6254025225455693	-2.559066439610306
1120.6206206206207	2.601975997840166	-2.531159589321885
1120.870870870871	2.5771459517329856	-2.5032377762582825
1121.1211211211212	2.5512472053456885	-2.4753908382829155
1121.3713713713714	2.5245887266067317	-2.44769870918233
1121.6216216216217	2.497462007743094	-2.420229006271936
1121.871871871872	2.47014618240808	-2.3930427056799037
1122.1221221221222	2.442816113950889	-2.366173462072786
1122.3723723723724	2.415542671529856	-2.3396564764023693
1122.6226226226227	2.3883931483336576	-2.3135139938156737
1122.872872872873	2.3614377579839525	-2.2877653311741706
1123.1231231231232	2.334749634535384	-2.262426877053784
1123.3733733733734	2.3084048324755804	-2.2375120917448887
1123.6236236236236	2.2824522134533898	-2.213032346209428
1123.873873873874	2.256879922177039	-2.1889843085826417
1124.1241241241241	2.231689663561318	-2.1653681566707816
1124.3743743743744	2.206885306497281	-2.1421822207992203
1124.6246246246246	2.1824749388470672	-2.1194249607435354
1124.8748748748749	2.1584708674439024	-2.0970949657295135
1125.1251251251251	2.134889618092097	-2.0751909544331446
1125.3753753753754	2.1117456792062685	-2.0537112028679574
1125.6256256256256	2.0890212776577726	-2.0326480536850253
1125.8758758758759	2.0667042818879113	-2.0119936501957607
1126.126126126126	2.0447858585580567	-1.991740524801848
1126.3763763763764	2.0232590068022733	-1.971881677648627
1126.6266266266266	2.002118558227319	-1.9524105766250908
1126.8768768768768	1.9813611769126427	-1.9333211573638867
1127.127127127127	1.9609853594103874	-1.914607823241317
1127.3773773773773	1.940991434745387	-1.8962654453773367
1127.6276276276276	1.92137493821696	-1.8782853415552432
1127.8778778778778	1.9021294143701923	-1.860665728530896
1128.128128128128	1.8832415479658784	-1.8433956110228193
1128.3783783783783	1.8647031210812348	-1.8264677643473088
1128.6286286286286	1.8465066106947894	-1.8098752352932221
1128.8788788788788	1.8286451886863793	-1.7936113421219788
1129.129129129129	1.8111127218371528	-1.7776696745675595
1129.3793793793793	1.7939037718295676	-1.7620440938365074
1129.6296296296296	1.7770135952473933	-1.7467287326079273
1129.8798798798798	1.7604381435757093	-1.7317179950334858
1130.13013013013	1.7441740632009037	-1.71700655673741
1130.3803803803803	1.7282228329661964	-1.7025931392674323
1130.6306306306305	1.7125702243987138	-1.6884637501641169
1130.8808808808808	1.6972118177574347	-1.6746156654277151
1131.131131131131	1.6821404729005827	-1.661043300823189
1131.3813813813813	1.667349474240275	-1.6477411771998312
1131.6316316316315	1.6528325307425233	-1.6347039204912635
1131.8818818818818	1.6385837759272335	-1.6219262617154384
1132.132132132132	1.624597767868206	-1.6094030369746382
1132.3823823823823	1.610869489193135	-1.5971291874554747
1132.6326326326325	1.5973943470836092	-1.5850997594288907
1132.8828828828828	1.5841681732751116	-1.5733099042501577
1133.133133133133	1.5711872240570188	-1.561754878358878
1133.3833833833833	1.5584481802726042	-1.550430043278985
1133.6336336336335	1.5459481473190302	-1.5393308656187383
1133.8838838838838	1.5336846551473589	-1.5284529170707315
1134.134134134134	1.5216556582625458	-1.5177918744118883
1134.3843843843845	1.5098596626909397	-1.5073407095663198
1134.6346346346347	1.498295612026614	-1.4970960675538165
1134.884884884885	1.4869530233150745	-1.4870539545698036
1135.1351351351352	1.475823538298956	-1.4772115184602135
1135.3853853853855	1.4648996039026492	-1.4675657772906812
1135.6356356356357	1.4541744722323027	-1.4581136193465458
1135.885885885886	1.4436422005758218	-1.4488518031328503
1136.1361361361362	1.4332976514028697	-1.439776957374341
1136.3863863863864	1.4231364923648655	-1.4308855810154677
1136.6366366366367	1.4131551962949873	-1.422174043220384
1136.8868868868867	1.403351041208177	-1.4136385833729541
1137.137137137137	1.3937221103011086	-1.4052753110767235
1137.3873873873872	1.38426729195224	-1.397080206154964
1137.6376376376377	1.374986279721768	-1.3890491186506364
1137.887887887888	1.365879572351673	-1.3811777688264266
1138.1381381381382	1.3569484737656652	-1.3734617471647015
1138.3883883883884	1.3481950930692237	-1.3658965143675406
1138.6386386386387	1.3396223445495823	-1.358477401356726
1138.888888888889	1.331237969836368	-1.3511996863979594
1139.1391391391392	1.3230588503771328	-1.344042073486104
1139.3893893893894	1.3150692207445804	-1.337009023780308
1139.6396396396397	1.3072448039280067	-1.3301080755934358
1139.88988988989	1.2995647270827333	-1.323345195285527
1140.1401401401401	1.2920115215301073	-1.3167247772637967
1140.3903903903904	1.2845711227575014	-1.3102496439826354
1140.6406406406406	1.2772328704183145	-1.3039210459436092
1140.890890890891	1.2699895083319699	-1.2977386616954598
1141.1411411411411	1.2628371844839181	-1.2917005978341038
1141.3913913913914	1.2557754510256343	-1.2858033890026341
1141.6416416416416	1.2488072642746197	-1.2800419978913187
1141.8918918918919	1.2419389847144011	-1.2744098152376004
1142.1421421421421	1.2351803769945313	-1.2688986598260992
1142.3923923923924	1.228544609930588	-1.263498778488608
1142.6426426426428	1.2220482565041697	-1.2581988461040932
1142.8928928928929	1.2157112938629226	-1.2529859655987137
1143.143143143143	1.209557103320486	-1.2478456679457766
1143.3933933933934	1.203612470356544	-1.2427619121657814
1143.6436436436436	1.1979123959715965	-1.2377069867136916
1143.8938938938938	1.1924276972085937	-1.2326802681613993
1144.144144144144	1.1870932774701273	-1.227721860056732
1144.3943943943943	1.1818532967679904	-1.2228640655860066
1144.6446446446446	1.1766628647453314	-1.2181322990712127
1144.8948948948948	1.171488040676656	-1.2135450859700119
1145.145145145145	1.1663058334678251	-1.2091140628757389
1145.3953953953953	1.1611042016560564	-1.204843977517401
1145.6456456456456	1.1558820534099243	-1.2007326887596776
1145.895895895896	1.1506492465293536	-1.1967711666029177
1146.1461461461463	1.1454265884456407	-1.192943492183153
1146.3963963963965	1.1402458362214234	-1.1892268577720777
1146.6466466466468	1.1351496965507006	-1.1855915667770616
1146.896896896897	1.1301918257588282	-1.1820010337411475
1147.1471471471473	1.1254368298025166	-1.1784117843430502
1147.3973973973975	1.120960264269834	-1.1747734553971576
1147.6476476476478	1.1168314590898467	-1.1710368435369027
1147.897897897898	1.1129500847217624	-1.167252106408676
1148.148148148148	1.1092058164956047	-1.1634921856563654
1148.3983983983983	1.1055214037710874	-1.1598120308444824
1148.6486486486485	1.1018363296771	-1.1562542359162633
1148.8988988988988	1.0981068111116952	-1.1528490391936546
1149.149149149149	1.0943057987420903	-1.1496143233773175
1149.3993993993995	1.0904229770046663	-1.1465556155466248
1149.6496496496497	1.0864647641049807	-1.1436660871596709
1149.8998998999	1.082454312017746	-1.140926554053257
1150.1501501501502	1.0784315064868437	-1.1383054764429004
1150.4004004004005	1.074452967025323	-1.1357589589228334
1150.6506506506507	1.0705920469153969	-1.133230750466002
1150.900900900901	1.0669388332084462	-1.1306522444240668
1151.1511511511512	1.0636001467250167	-1.127942478527402
1151.4014014014015	1.0606004268856952	-1.1250780395898323
1151.6516516516517	1.0577417515766345	-1.1222004373626162
1151.901901901902	1.0549492926726087	-1.1193676273106885
1152.1521521521522	1.0521689571942443	-1.1166218847651965
1152.4024024024025	1.0493607853973337	-1.1139940114543159
1152.6526526526527	1.046498950772835	-1.1115033355032502
1152.902902902903	1.0435717600468715	-1.1091577114342304
1153.1531531531532	1.0405816531807326	-1.1069535201665164
1153.4034034034034	1.0375452033708732	-1.1048756690163957
1153.6536536536537	1.0344931170489136	-1.1028975916971837
1153.903903903904	1.0314702338816404	-1.100981248319224
1154.1541541541542	1.028535526771005	-1.0990771253898883
1154.4044044044044	1.0257621018541254	-1.0971242358135762
1154.6546546546547	1.0232377234370846	-1.0950505475405865
1154.904904904905	1.020607459830876	-1.0928792974365056
1155.1551551551552	1.0176872118556244	-1.0907161450174336
1155.4054054054054	1.014766967448841	-1.0885966244882896
1155.6556556556557	1.012062047413424	-1.086548165639724
1155.905905905906	1.0097131054176571	-1.084590093848118
1156.1561561561562	1.0077861279952103	-1.0827336300755848
1156.4064064064064	1.0062724345451397	-1.0809818908699682
1156.6566566566567	1.0050886773318877	-1.0793298883648443
1156.906906906907	1.004076841485283	-1.0777645302795198
1157.1571571571571	1.0030042450005403	-1.0762646199190327
1157.4074074074074	1.0015635387382602	-1.074800856174153
1157.6576576576576	0.9993727064244303	-1.0733358335213814
1157.9079079079079	0.9959750646504231	-1.0718240420229503
1158.1581581581581	0.9907690437396727	-1.0702153324328585
1158.4084084084084	0.9828040814865877	-1.0685235152600496
1158.6586586586586	0.9724039192248966	-1.066793325489326
1158.9089089089089	0.9596788179012038	-1.0650472738486574
1159.1591591591591	0.9441573416398394	-1.06328881147435
1159.4094094094094	0.9247863577428567	-1.0615023299110455
1159.6596596596596	0.8999310366900416	-1.0596531611117228
1159.9099099099099	0.8673748521389061	-1.057687577437696
1160.16016016016	0.8243195809246766	-1.0555327916586155
1160.4104104104103	0.7673853030603223	-1.0530969569524677
1160.6606606606606	0.6926104017365289	-1.0502691669055757
1160.9109109109108	0.5954515633217095	-1.0469194555125978
1161.161161161161	0.4707837773619925	-1.042898797176529
1161.4114114114113	0.31290033658127314	-1.0380391067087005
1161.6616616616616	0.1220412241554458	-1.0320608785381036
1161.9119119119118	-0.1149050728006843	-1.0247195853591218
1162.162162162162	-0.4265060402525367	-1.0159521277224641
1162.4124124124123	-0.8111381335041968	-1.0054032597978915
1162.6626626626626	-1.2357252893706683	-0.9924112090895487
1162.9129129129128	-1.6357389261778823	-0.9760076764359609
1163.163163163163	-1.9352483140379741	-0.9549419066610759
1163.4134134134133	-2.1618853572642793	-0.927926118647242
1163.6636636636636	-2.333563119946401	-0.8933834118959083
1163.9139139139138	-2.460557079106002	-0.849170988404471
1164.164164164164	-2.552702064033131	-0.7925760264825177
1164.4144144144145	-2.6193922562862806	-0.7203156807517566
1164.6646646646648	-2.6672548718292637	-0.6282910050490624
1164.914914914915	-2.698878618796868	-0.5111489904190495
1165.1651651651653	-2.7176906407449093	-0.3619461015512658
1165.4154154154153	-2.7268605280089333	-0.17174626715638697
1165.6656656656658	-2.7292610393459773	0.07113681481273687
1165.915915915916	-2.7269506774894343	0.3957341368734859
1166.166166166166	-2.721703623781571	0.7772137894718885
1166.4164164164163	-2.7147918288339743	1.1719444020915883
1166.6666666666665	-2.7067003272222316	1.5414914163680877
1166.9169169169168	-2.697127237485912	1.8526170860901363
1167.167167167167	-2.6853055516255675	2.0874978767610646
1167.4174174174173	-2.6713430245813323	2.2636800516669893
1167.6676676676677	-2.655409609649128	2.393308586459683
1167.917917917918	-2.637572825211002	2.486618467159417
1168.1681681681682	-2.6178192334874524	2.5525491108717873
1168.4184184184185	-2.5963923102229702	2.597151818058241
1168.6686686686687	-2.5736385844183163	2.624399723624951
1168.918918918919	-2.5498115596408666	2.637905522945541
1169.1691691691692	-2.5250962197492863	2.6409509341770407
1169.4194194194195	-2.4996228798982165	2.6364034678521535
1169.6696696696697	-2.4736114531450277	2.6258897365860014
1169.91991991992	-2.4472435193292976	2.6105233885305803
1170.1701701701702	-2.420663260343576	2.5913752447165828
1170.4204204204204	-2.3939835332625803	2.5694542572612233
1170.6706706706707	-2.367287078564355	2.545697437327676
1170.920920920921	-2.3406665068579264	2.5206501199269242
1171.1711711711712	-2.314199608448206	2.494560017935358
1171.4214214214214	-2.2879457626182833	2.467693217541404
1171.6716716716717	-2.2619539521606655	2.4403201792734746
1171.921921921922	-2.2362627633772743	2.4127157379999637
1172.1721721721722	-2.2109039838198257	2.3851531375041386
1172.4224224224224	-2.185900626398985	2.3577224272805735
1172.6726726726727	-2.1612724104643752	2.330443448430309
1172.922922922923	-2.137031243334772	2.303356551247882
1173.1731731731732	-2.1131871159711726	2.2765112325460626
1173.4234234234234	-2.0897481029767997	2.2499661356558565
1173.6736736736736	-2.066720362597101	2.2237890504265048
1173.923923923924	-2.044103403334584	2.1980413058398005
1174.1741741741741	-2.02190726236902	2.172719297480974
1174.4244244244244	-2.0001228597409613	2.1478012531415978
1174.6746746746746	-1.9787457851778507	2.1232814931399164
1174.9249249249249	-1.9577718680236456	2.0991589251931324
1175.1751751751751	-1.9371971772388152	2.075437044417405
1175.4254254254254	-1.9170180214003447	2.0521239333278527
1175.6756756756756	-1.8972309487017314	2.02923226183855
1175.925925925926	-1.8778373940214685	2.0067820122175766
1176.1761761761763	-1.8588208806862099	1.9847451594105054
1176.4264264264266	-1.8401782958949526	1.9631108715158734
1176.6766766766768	-1.8219022162541294	1.9418686851838831
1176.926926926927	-1.8039855860360137	1.921009836000005
1177.1771771771773	-1.7864217171787191	1.9005272584849744
1177.4274274274273	-1.7692042892862163	1.8804155860948129
1177.6776776776776	-1.752327349628271	1.8606711512207545
1177.9279279279278	-1.7357853131405367	1.8412919851893546
1178.178178178178	-1.7195729624244895	1.8222778182624146
1178.4284284284283	-1.7036828910804311	1.803626278240183
1178.6786786786786	-1.6881123534362568	1.7853306020131674
1178.9289289289288	-1.672852094193284	1.7673768680067157
1179.179179179179	-1.6578958118970275	1.749756646661363
1179.4294294294295	-1.64323736816037	1.7324621801182256
1179.6796796796798	-1.6288707876636153	1.7154863822190622
1179.92992992993	-1.6147902581544078	1.6988228385061819
1180.1801801801803	-1.6009901304477876	1.6824658062225049
1180.4304304304305	-1.5874649184261744	1.6664102143115478
1180.6806806806808	-1.5742092990393703	1.6506516634174244
1180.930930930931	-1.5612181123045579	1.6351864258848434
1181.1811811811813	-1.5484863613063016	1.6200114457591122
1181.4314314314315	-1.5360092121965456	1.605124338786132
1181.6816816816818	-1.5237819382805706	1.590523271142055
1181.931931931932	-1.5117975795116174	1.5762009676877904
1182.1821821821823	-1.5000517865652387	1.5621492702483184
1182.4324324324325	-1.4885403283134633	1.5483604630547894
1182.6826826826828	-1.4772589637158433	1.5348274285565535
1182.932932932933	-1.4662034418194552	1.5215436474211617
1183.1831831831832	-1.455369501758899	1.5085031985343644
1183.4334334334335	-1.444752872756299	1.4957007590001137
1183.6836836836837	-1.4343492741213029	1.4831316041405604
1183.933933933934	-1.4241544152510828	1.4707916074960568
1184.1841841841842	-1.414163995630334	1.4586772408251545
1184.4344344344345	-1.4043737048312763	1.4467855741046063
1184.6846846846847	-1.3947792225136537	1.4351142755293647
1184.934934934935	-1.3853762184247327	1.4236616115125824
1185.1851851851852	-1.3761603523993045	1.4124264466856118
1185.4354354354355	-1.3671272743596854	1.4014082438980089
1185.6856856856857	-1.3582713899095982	1.390605588781111
1185.935935935936	-1.3495864563719273	1.3800267235951065
1186.1861861861862	-1.3410668622941262	1.3696643862940878
1186.4364364364365	-1.3327133070464556	1.3595050528645325
1186.6866866866867	-1.3245259301242176	1.3495367395844473
1186.936936936937	-1.3165043111477561	1.3397490030233676
1187.1871871871872	-1.3086474698624568	1.3301329400423578
1187.4374374374374	-1.3009538661387476	1.3206811877940103
1187.6876876876877	-1.293421399972098	1.3113879237224477
1187.937937937938	-1.2860474114830192	1.3022488655633198
1188.1881881881882	-1.2788286809170644	1.2932612713438065
1188.4384384384384	-1.2717614286448284	1.2844239393826158
1188.6886886886887	-1.264841315161948	1.2757372082899843
1188.938938938939	-1.258063441089102	1.2672029569676782
1189.1891891891892	-1.2514223471720112	1.2588246046089921
1189.4394394394394	-1.244912014281437	1.2506071106987482
1189.6896896896897	-1.2385258634131846	1.2425569750133005
1189.93993993994	-1.2322567556880992	1.234682237620529
1190.1901901901902	-1.2260969923520693	1.2269924788798436
1190.4404404404404	-1.2200326218180304	1.2195060291731232
1190.6906906906906	-1.2140465160810225	1.212230694427639
1190.940940940941	-1.2081560022171587	1.2051309472890388
1191.1911911911911	-1.2023769648727922	1.1981732516211432
1191.4414414414414	-1.1967220779219343	1.191329645982241
1191.6916916916916	-1.1912008044662552	1.1845777436250908
1191.9419419419419	-1.1858193968350836	1.1779007324969197
1192.1921921921921	-1.180580896585407	1.171287375239424
1192.4424424424424	-1.1754851345018709	1.1647320091887685
1192.6926926926926	-1.1705287305967802	1.1582345463755876
1192.9429429429429	-1.165705094110098	1.1518004735249843
1193.193193193193	-1.1610044235094457	1.1454408520565307
1193.4434434434434	-1.1564137064901039	1.1391723180842672
1193.6936936936936	-1.1519167199750113	1.1330170824167043
1193.943943943944	-1.1474940301147618	1.127002930556815
1194.1941941941943	-1.1431229922876196	1.1211632227020585
1194.4444444444446	-1.1387777510994945	1.1155368937443453
1194.6946946946946	-1.134428850414332	1.110166857646489
1194.9449449449448	-1.130067441804548	1.105044600771573
1195.195195195195	-1.125736358957948	1.1000956738864962
1195.4454454454453	-1.1214788567897978	1.0952549718919726
1195.6956956956956	-1.1173295052471806	1.0904697204126508
1195.9459459459458	-1.1133141893089982	1.0856994757971152
1196.196196196196	-1.10945010898597	1.0809161251178847
1196.4464464464463	-1.1057457793206347	1.0761038861714134
1196.6966966966966	-1.1022010303873475	1.0712593074780903
1196.9469469469468	-1.098807007292283	1.0663912682822396
1197.1971971971973	-1.0955461701734308	1.0615209785521158
1197.4474474474475	-1.0923922942006068	1.0566819789799222
1197.6976976976978	-1.0893104695754368	1.051920140981783
1197.947947947948	-1.0862571015313673	1.0472936666977632
1198.1981981981983	-1.0831799103336632	1.0428730889918614
1198.4484484484485	-1.0800179312794078	1.0387412714520128
1198.6986986986988	-1.076740197350842	1.03471722156455
1198.948948948949	-1.0734452297216392	1.0302969325274258
1199.1991991991993	-1.0701938217133622	1.0258191560462724
1199.4494494494495	-1.067030392348056	1.0215704299045116
1199.6996996996997	-1.0639877809566995	1.017733715638706
1199.94994994995	-1.0610872471792074	1.0143883985385589
1200.2002002002002	-1.0583384709644277	1.0115102876469138
1200.4504504504505	-1.0557395525701432	1.0089716157597548
1200.7007007007007	-1.0532770125630708	1.0065410394262069
1200.950950950951	-1.0509257918188628	1.003883638948535
1201.2012012012012	-1.0486492515221046	1.0005609183821456
1201.4514514514515	-1.0463991731663171	0.9960308055355842
1201.7017017017017	-1.0441157585539549	0.9896476519705387
1201.951951951952	-1.0417276297964078	0.9806622330018355
1202.2022022022022	-1.039176023276869	0.9681293397061148
1202.4524524524525	-1.0365947319034599	0.9509245948560987
1202.7027027027027	-1.0340613978343063	0.9287575684593674
1202.952952952953	-1.0315831963674638	0.9006664484839051
1203.2032032032032	-1.0291196590290486	0.8648107852660553
1203.4534534534534	-1.0265826735732386	0.8184714915105272
1203.7037037037037	-1.0238364839822736	0.7580508422903881
1203.953953953954	-1.0206976904664542	0.6790724750470658
1204.2042042042042	-1.0169352494641426	0.5761813895903491
1204.4544544544544	-1.0122704736417625	0.4431439480983852
1204.7047047047047	-1.0063770318937992	0.2728478751176959
1204.954954954955	-0.9987572949835085	0.05688966410869302
1205.2052052052052	-0.9864466546630943	-0.2192824384928458
1205.4554554554554	-0.9666652633439253	-0.5576602909907481
1205.7057057057057	-0.9373115441850832	-0.9427979475648228
1205.955955955956	-0.8963939129745936	-1.3437570070050295
1206.2062062062062	-0.8420307781294263	-1.7141066127114777
1206.4564564564564	-0.7722260259538406	-2.001306161377085
1206.7067067067067	-0.6830960389792529	-2.2206084011338154
1206.956956956957	-0.5694576991527054	-2.387641802987165
1207.2072072072071	-0.42431697111912486	-2.5116962557203024
1207.4574574574574	-0.23868736718872852	-2.602027597168636
1207.7077077077079	-0.001589947336774311	-2.667857614219862
1207.9579579579581	0.3084955886364861	-2.717756527262193
1208.2082082082084	0.7205958552747722	-2.7543484342785045
1208.4584584584586	1.1538121173049216	-2.780344684738022
1208.7087087087086	1.5428835677520445	-2.7980806268410383
1208.9589589589589	1.8576821868084945	-2.808864851837362
1209.2092092092091	2.1017421758927957	-2.8130649535609082
1209.4594594594594	2.287306285959721	-2.811398825308529
1209.7097097097098	2.4245344114465635	-2.8048209348670685
1209.95995995996	2.5235104908584542	-2.794055307307317
1210.21021021021	2.5932850726704495	-2.779642536397627
1210.4604604604604	2.6413120646924284	-2.762042355684516
1210.7107107107106	2.6716907836923793	-2.741901494384955
1210.9609609609608	2.687762040026203	-2.719727810438012
1211.2112112112113	2.6926457487359077	-2.6959350454160522
1211.4614614614616	2.6892108853969114	-2.6708496501045462
1211.7117117117118	2.67982274563009	-2.6447426466274
1211.961961961962	2.665578565621446	-2.617908861366702
1212.2122122122123	2.647403788327206	-2.590565301634292
1212.4624624624623	2.626197620230862	-2.562896665764794
1212.7127127127126	2.602825030384486	-2.5350552898499323
1212.962962962963	2.5781050072022698	-2.5071680679842387
1213.2132132132133	2.5524432286132166	-2.4793354859352554
1213.4634634634635	2.5260179452056386	-2.4516433356459397
1213.7137137137138	2.499035751314467	-2.424156477930403
1213.963963963964	2.4717135061638102	-2.396931299492214
1214.2142142142143	2.44427833386695	-2.370015712924397
1214.4644644644645	2.4169664565726623	-2.343449696955173
1214.7147147147145	2.38988224200048	-2.317263241295367
1214.964964964965	2.3630178282688132	-2.2914715826254617
1215.2152152152153	2.3363953249556575	-2.2660847717072925
1215.4654654654655	2.3100464285621873	-2.2411120993992633
1215.7157157157158	2.284012422512879	-2.2165620966564665
1215.965965965966	2.258344177155488	-2.1924425345306577
1216.2162162162163	2.233097077898521	-2.168755603416808
1216.4664664664665	2.20830270008888	-2.145513522069361
1216.7167167167167	2.1839234509355325	-2.1227052589821014
1216.966966966967	2.1599485119293202	-2.1003245046807786
1217.2172172172172	2.1363712739930985	-2.0783655678529085
1217.4674674674675	2.113189337481737	-2.0568233753477716
1217.7177177177177	2.090404512182119	-2.0356934721764137
1217.967967967968	2.0680228173131416	-2.0149720215116456
1218.2182182182182	2.046054481525716	-1.9946558046880432
1218.4684684684685	2.0245120003346524	-1.9747435009647005
1218.7187187187187	2.003370987536689	-1.9552223648094933
1218.968968968969	1.9826186850961893	-1.9360855541779345
1219.2192192192192	1.9622451995189647	-1.9173252039308182
1219.4694694694695	1.9422420218558245	-1.898933853739147
1219.7197197197197	1.9226020277025768	-1.8809044480841302
1219.96996996997	1.9033194772000273	-1.863230336257184
1220.2202202202204	1.8843900150339639	-1.8459052723599185
1220.4704704704707	1.8658106704352235	-1.8289234153041962
1220.7207207207207	1.8475798571796047	-1.8122793288120544
1220.970970970971	1.8296966035765136	-1.7959672892029557
1221.2212212212212	1.8121553844230165	-1.7799817669241813
1221.4714714714714	1.7949433899278269	-1.7643143287762022
1221.7217217217217	1.7780522830993766	-1.7489584795377022
1221.971971971972	1.7614743416915237	-1.7339078904478036
1222.2222222222222	1.7452024582035544	-1.7191563992060668
1222.4724724724724	1.7292301398801817	-1.704698009972489
1222.7227227227227	1.7135515087115465	-1.6905268933675066
1222.972972972973	1.6981613014332164	-1.6766373864719935
1223.2232232232232	1.6830548695261869	-1.663023992827261
1223.4734734734734	1.6682281792168792	-1.6496813824350582
1223.7237237237239	1.6536778114771309	-1.6366043917575612
1223.9739739739741	1.6394009620242458	-1.6237880237174198
1224.2242242242244	1.6253954413209135	-1.6112274476976838
1224.4744744744746	1.6116628041753176	-1.5989206235943032
1224.7247247247249	1.59819200423664	-1.5868548011221228
1224.9749749749749	1.5849776359065961	-1.5750282311629453
1225.2252252252251	1.5720114572853372	-1.56343685826994
1225.4754754754754	1.559285928496724	-1.552076590537479
1225.7257257257256	1.54679421168828	-1.5409432996010919
1225.9759759759759	1.5345301710312023	-1.5300328206374787
1226.2262262262263	1.5224883727203509	-1.5193409523644992
1226.4764764764766	1.5106640849742936	-1.5088634570412116
1226.7267267267266	1.499053278035249	-1.498596060467824
1226.9769769769769	1.4876526241690893	-1.4885344519856953
1227.2272272272273	1.4764594976653826	-1.478674284477374
1227.4774774774776	1.4654719748373912	-1.4690111743665948
1227.7277277277278	1.4546888340220199	-1.4595407016182353
1227.977977977978	1.4441095555798604	-1.4502584097383533
1228.2282282282283	1.4337343218951737	-1.4411598057741717
1228.4784784784783	1.4235640173759077	-1.4322403603140952
1228.7287287287286	1.4136021568088393	-1.4234959652545967
1228.9789789789788	1.4038565725788423	-1.4149124338697077
1229.229229229229	1.3943165571279215	-1.4064896388258017
1229.4794794794793	1.384965263579618	-1.3982299471916533
1229.7297297297298	1.3757879961177868	-1.3901348917760616
1229.97997997998	1.366772209986629	-1.3822051711278793
1230.2302302302303	1.357907511490642	-1.3744406495359687
1230.4804804804805	1.3491856579946528	-1.3668403570292307
1230.7307307307308	1.34060055792381	-1.359402489376598
1230.980980980981	1.3321482707635832	-1.3521244080870352
1231.2312312312313	1.3238270070597637	-1.345002640409538
1231.4814814814815	1.3156371284184643	-1.338032879333135
1231.7317317317318	1.3075811475061188	-1.3312099835868845
1231.981981981982	1.2996637280494818	-1.3245279776398777
1232.2322322322323	1.2918916848356319	-1.3179800517012379
1232.4824824824825	1.2842739837119652	-1.3115585617201182
1232.7327327327325	1.276821741586208	-1.3052550293857101
1232.9829829829828	1.2695482264263884	-1.2990601421272205
1233.233233233233	1.2624688572608747	-1.2929637531139033
1233.4834834834835	1.2556115670641355	-1.2869438494839178
1233.7337337337337	1.2489655791718517	-1.2809924268870982
1233.983983983984	1.2424834725407188	-1.275135032904549
1234.2342342342342	1.2361240893469874	-1.2693924283469507
1234.4844844844845	1.229853746681539	-1.263781000461129
1234.7347347347347	1.2236462365498841	-1.2583127629300543
1234.984984984985	1.2174828258721648	-1.2529953558728433
1235.2352352352352	1.2113522564831523	-1.2478320458447563
1235.4854854854855	1.2052507451322483	-1.2428217258372003
1235.7357357357357	1.1991819834834845	-1.2379589152777262
1235.985985985986	1.1931571381155228	-1.233233760030031
1236.2362362362362	1.1871948505216552	-1.2286320323939557
1236.4864864864865	1.181321237109804	-1.224135131105488
1236.736736736737	1.1755698892025155	-1.2197200813367548
1236.9869869869872	1.1699818730369842	-1.2153595346960424
1237.2372372372372	1.1646057297650199	-1.211021769227772
1237.4874874874874	1.1594974754530574	-1.2066706894125039
1237.7377377377377	1.1546835864492486	-1.2022797295957668
1237.987987987988	1.150077539999751	-1.197891042884734
1238.2382382382382	1.1455983910265977	-1.193558459446416
1238.4884884884887	1.1411807485118544	-1.1893258572605823
1238.7387387387387	1.1367736804815942	-1.1852268612067296
1238.988988988989	1.1323407140058594	-1.1812848430640437
1239.2392392392392	1.1278598351987004	-1.1775129215114373
1239.4894894894894	1.1233234892181563	-1.1739139621275305
1239.7397397397397	1.1187385802662582	-1.170480577390656
1239.9899899899901	1.1141264715890264	-1.1671951266788543
1240.2402402402404	1.1095229854764854	-1.1640297162698874
1240.4904904904906	1.104978403262641	-1.1609461993412198
1240.7407407407409	1.1005574653254941	-1.1578961759700304
1240.990990990991	1.0963393710870424	-1.154820993133213
1241.2412412412411	1.0924177790132648	-1.1516517447073646
1241.4914914914914	1.0888509059069347	-1.1483429753311394
1241.7417417417416	1.0854692030955615	-1.1450053318670776
1241.9919919919919	1.0821817023678124	-1.1417072586457198
1242.2422422422424	1.0789268667419554	-1.1384956121379906
1242.4924924924926	1.0756579797894792	-1.1354055046333327
1242.7427427427428	1.072343145635075	-1.1324603042396868
1242.992992992993	1.068965288956649	-1.1296716348835059
1243.2432432432433	1.0655221549853182	-1.1270393763097506
1243.4934934934936	1.0620263095054119	-1.1245516640818893
1243.7437437437438	1.058505138854471	-1.122184889581899
1243.993993993994	1.055000849923248	-1.1199037000102652
1244.2442442442443	1.0515704701557065	-1.1176609983859804
1244.4944944944946	1.0482858475490222	-1.1153979435465466
1244.7447447447446	1.045233650653584	-1.1130439501479752
1244.9949949949948	1.04247711831529	-1.1105457770527625
1245.245245245245	1.0398646360528694	-1.108019613871598
1245.4954954954953	1.0373204384474706	-1.1055258607863967
1245.7457457457458	1.0348012028716023	-1.103099750532323
1245.995995995996	1.032274320449726	-1.1007674231168745
1246.2462462462463	1.0297178960582418	-1.0985459258198687
1246.4964964964965	1.0271207483254978	-1.0964432131934516
1246.7467467467468	1.024482409631788	-1.0944581470620953
1246.996996996997	1.021813126109352	-1.0925804965225987
1247.2472472472473	1.0191338576423754	-1.0907909379440868
1247.4974974974975	1.0164762778669894	-1.0890610549680109
1247.7477477477478	1.0138827741712708	-1.0873533385081489
1247.997997997998	1.0114064476952427	-1.0856211867506047
1248.2482482482483	1.009111113330873	-1.083808905153809
1248.4984984984985	1.0070233212490014	-1.0819111495630085
1248.7487487487488	1.0051190002114008	-1.0800267429983488
1248.998998998999	1.003377679224338	-1.0781836368644473
1249.2492492492493	1.001681451723166	-1.0764001552466944
1249.4994994994995	0.9998123975764583	-1.0746865143830984
1249.7497497497498	0.9974525830860101	-1.0730448226642864
1250.0	0.9941840609868379	-1.0714690806335045
