0.0	1.8
0.00025	1.8
0.0005	1.8
0.00075	1.8
0.001	1.8
0.00125	1.8
0.0015	1.8
0.00175	1.8
0.002	1.8
0.00225	1.8
0.0025	1.6
0.00275	1.6
0.003	1.6
0.00325	1.8
0.0035	1.4
0.00375	1.6
0.004	1.4
0.00425	1.4
0.0045	1.4
0.00475	1.6
0.005	1.6
0.00525	1.4
0.0055	1.4
0.00575	1.4
0.006	1.4
0.00625	1.4
0.0065	1.4
0.00675	1.4
0.007	1.4
0.00725	1.2
0.0075	1.2
0.00775	1.2
0.008	1.0
0.00825	1.2
0.0085	1.2
0.00875	1.0
0.009	1.2
0.00925	0.8
0.0095	1.2
0.00975	1.0
0.01	1.0
0.01025	1.0
0.0105	1.0
0.01075	1.0
0.011	1.0
0.01125	1.0
0.0115	1.0
0.01175	1.0
0.012	1.0
0.01225	0.8
0.0125	1.0
0.01275	1.0
0.013	1.0
0.01325	0.8
0.0135	0.8
0.01375	0.8
0.014	0.8
0.01425	0.8
0.0145	0.8
0.01475	0.8
0.015	0.8
0.01525	0.8
0.0155	0.8
0.01575	0.6
0.016	0.6
0.01625	0.8
0.0165	0.6
0.01675	0.8
0.017	0.8
0.01725	0.6
0.0175	0.6
0.01775	0.6
0.018	0.4
0.01825	0.6
0.0185	0.6
0.01875	0.6
0.019	0.6
0.01925	0.6
0.0195	0.6
0.01975	0.4
0.02	0.6
0.02025	0.4
0.0205	0.6
0.02075	0.6
0.021	0.4
0.02125	0.4
0.0215	0.6
0.02175	0.4
0.022	0.4
0.02225	0.4
0.0225	0.4
0.02275	0.4
0.023	0.4
0.02325	0.4
0.0235	0.2
0.02375	0.4
0.024	0.4
0.02425	0.2
0.0245	0.4
0.02475	0.2
0.025	0.2
0.02525	0.2
0.0255	0.2
0.02575	0.2
0.026	0.2
0.02625	0.2
0.0265	0.2
0.02675	0.2
0.027	0.2
0.02725	0.2
0.0275	0.0
0.02775	0.0
0.028	0.2
0.02825	0.2
0.0285	0.2
0.02875	0.2
0.029	0.2
0.02925	0.2
0.0295	0.0
0.02975	0.0
0.03	0.0
0.03025	0.0
0.0305	0.0
0.03075	0.0
0.031	0.0
0.03125	0.0
0.0315	0.0
0.03175	0.0
0.032	-0.2
0.03225	-0.2
0.0325	-0.2
0.03275	-0.4
0.033	-0.6
0.03325	-0.8
0.0335	-1.0
0.03375	-1.0
0.034	-1.4
0.03425	-1.8
0.0345	-2.2
0.03475	-2.8
0.035	-3.6
0.03525	-4.0
0.0355	-4.2
0.03575	-4.4
0.036	-4.4
0.03625	-4.4
0.0365	-4.4
0.03675	-4.6
0.037	-4.6
0.03725	-4.6
0.0375	-4.4
0.03775	-4.6
0.038	-4.6
0.03825	-4.6
0.0385	-4.4
0.03875	-4.4
0.039	-4.4
0.03925	-4.4
0.0395	-4.4
0.03975	-4.4
0.04	-4.4
0.04025	-4.4
0.0405	-4.4
0.04075	-4.4
0.041	-4.4
0.04125	-4.4
0.0415	-4.4
0.04175	-4.2
0.042	-4.2
0.04225	-4.2
0.0425	-4.2
0.04275	-4.2
0.043	-4.4
0.04325	-4.2
0.0435	-4.2
0.04375	-4.2
0.044	-4.2
0.04425	-4.2
0.0445	-4.2
0.04475	-4.2
0.045	-4.2
0.04525	-4.2
0.0455	-4.0
0.04575	-4.2
0.046	-4.2
0.04625	-4.2
0.0465	-4.0
0.04675	-4.2
0.047	-4.2
0.04725	-4.0
0.0475	-4.0
0.04775	-4.0
0.048	-4.0
0.04825	-4.0
0.0485	-4.0
0.04875	-4.0
0.049	-4.0
0.04925	-4.0
0.0495	-4.0
0.04975	-4.0
0.05	-4.0
0.05025	-4.0
0.0505	-4.0
0.05075	-3.8
0.051	-4.0
0.05125	-3.8
0.0515	-4.0
0.05175	-3.8
0.052	-4.0
0.05225	-3.8
0.0525	-4.0
0.05275	-3.8
0.053	-3.8
0.05325	-3.8
0.0535	-3.8
0.05375	-3.8
0.054	-4.0
0.05425	-3.8
0.0545	-3.6
0.05475	-3.8
0.055	-3.8
0.05525	-3.8
0.0555	-4.0
0.05575	-3.6
0.056	-3.6
0.05625	-3.8
0.0565	-3.8
0.05675	-3.6
0.057	-3.8
0.05725	-3.6
0.0575	-3.6
0.05775	-3.6
0.058	-3.6
0.05825	-3.6
0.0585	-3.6
0.05875	-3.6
0.059	-3.8
0.05925	-3.6
0.0595	-3.6
0.05975	-3.6
0.06	-3.6
0.06025	-3.8
0.0605	-3.6
0.06075	-3.6
0.061	-3.6
0.06125	-3.6
0.0615	-3.4
0.06175	-3.6
0.062	-3.6
0.06225	-3.6
0.0625	-3.6
0.06275	-3.6
0.063	-3.4
0.06325	-3.4
0.0635	-3.6
0.06375	-3.4
0.064	-3.2
0.06425	-3.6
0.0645	-3.6
0.06475	-3.4
0.065	-3.4
0.06525	-3.4
0.0655	-3.6
0.06575	-3.4
0.066	-3.6
0.06625	-3.4
0.0665	-3.4
0.06675	-3.6
0.067	-3.4
0.06725	-3.4
0.0675	-3.4
0.06775	-3.4
0.068	-3.4
0.06825	-3.4
0.0685	-3.4
0.06875	-3.4
0.069	-3.4
0.06925	-3.4
0.0695	-3.2
0.06975	-3.4
0.07	-3.4
0.07025	-3.2
0.0705	-3.2
0.07075	-3.4
0.071	-3.2
0.07125	-3.2
0.0715	-3.2
0.07175	-3.2
0.072	-3.2
0.07225	-3.2
0.0725	-3.4
0.07275	-3.2
0.073	-3.4
0.07325	-3.2
0.0735	-3.2
0.07375	-3.2
0.074	-3.2
0.07425	-3.2
0.0745	-3.2
0.07475	-3.2
0.075	-3.0
0.07525	-3.4
0.0755	-3.0
0.07575	-3.2
0.076	-3.0
0.07625	-3.0
0.0765	-3.2
0.07675	-3.2
0.077	-3.2
0.07725	-3.2
0.0775	-3.2
0.07775	-3.2
0.078	-3.2
0.07825	-3.4
0.0785	-3.0
0.07875	-3.2
0.079	-3.2
0.07925	-3.2
0.0795	-3.0
0.07975	-3.2
0.08	-3.2
0.08025	-3.0
0.0805	-3.0
0.08075	-3.0
0.081	-3.0
0.08125	-3.0
0.0815	-3.0
0.08175	-3.0
0.082	-2.8
0.08225	-3.0
0.0825	-2.8
0.08275	-3.0
0.083	-3.0
0.08325	-2.8
0.0835	-2.8
0.08375	-2.8
0.084	-2.6
0.08425	-2.4
0.0845	-2.4
0.08475	-2.0
0.085	-1.8
0.08525	-1.4
0.0855	-0.8
0.08575	-0.2
0.086	0.8
0.08625	1.4
0.0865	2.0
0.08675	2.6
0.087	2.8
0.08725	3.2
0.0875	3.2
0.08775	3.4
0.088	3.4
0.08825	3.4
0.0885	3.4
0.08875	3.4
0.089	3.4
0.08925	3.4
0.0895	3.2
0.08975	3.2
0.09	3.2
0.09025	3.2
0.0905	3.0
0.09075	3.2
0.091	3.2
0.09125	3.0
0.0915	3.0
0.09175	2.8
0.092	3.0
0.09225	2.8
0.0925	2.8
0.09275	2.8
0.093	2.8
0.09325	2.8
0.0935	2.8
0.09375	2.6
0.094	2.8
0.09425	2.6
0.0945	2.6
0.09475	2.6
0.095	2.6
0.09525	2.6
0.0955	2.4
0.09575	2.6
0.096	2.4
0.09625	2.4
0.0965	2.4
0.09675	2.4
0.097	2.2
0.09725	2.4
0.0975	2.4
0.09775	2.4
0.098	2.4
0.09825	2.4
0.0985	2.2
0.09875	2.2
0.099	2.4
0.09925	2.2
0.0995	2.0
0.09975	2.2
0.1	2.2
0.10025	2.2
0.1005	2.0
0.10075	2.0
0.101	2.0
0.10125	2.0
0.1015	2.0
0.10175	2.0
0.102	2.0
0.10225	1.8
0.1025	2.0
0.10275	1.8
0.103	1.6
0.10325	1.8
0.1035	1.6
0.10375	1.8
0.104	1.6
0.10425	1.6
0.1045	1.6
0.10475	1.8
0.105	1.6
0.10525	1.6
0.1055	1.4
0.10575	1.6
0.106	1.4
0.10625	1.6
0.1065	1.4
0.10675	1.4
0.107	1.4
0.10725	1.4
0.1075	1.4
0.10775	1.4
0.108	1.4
0.10825	1.6
0.1085	1.4
0.10875	1.2
0.109	1.2
0.10925	1.2
0.1095	1.4
0.10975	1.4
0.11	1.2
0.11025	1.2
0.1105	1.0
0.11075	1.2
0.111	1.2
0.11125	1.2
0.1115	1.2
0.11175	1.0
0.112	1.0
0.11225	1.2
0.1125	0.8
0.11275	1.0
0.113	1.0
0.11325	1.2
0.1135	0.8
0.11375	0.8
0.114	0.8
0.11425	0.8
0.1145	1.0
0.11475	0.8
0.115	0.8
0.11525	0.8
0.1155	0.8
0.11575	0.8
0.116	0.8
0.11625	0.8
0.1165	0.8
0.11675	0.8
0.117	0.8
0.11725	0.8
0.1175	0.6
0.11775	0.8
0.118	0.6
0.11825	0.8
0.1185	0.6
0.11875	0.6
0.119	0.6
0.11925	0.6
0.1195	0.6
0.11975	0.6
0.12	0.6
0.12025	0.6
0.1205	0.6
0.12075	0.6
0.121	0.6
0.12125	0.6
0.1215	0.6
0.12175	0.4
0.122	0.4
0.12225	0.6
0.1225	0.4
0.12275	0.4
0.123	0.6
0.12325	0.4
0.1235	0.4
0.12375	0.4
0.124	0.4
0.12425	0.2
0.1245	0.4
0.12475	0.4
0.125	0.2
0.12525	0.4
0.1255	0.2
0.12575	0.2
0.126	0.2
0.12625	0.4
0.1265	0.2
0.12675	0.4
0.127	0.2
0.12725	0.2
0.1275	0.2
0.12775	0.2
0.128	0.2
0.12825	0.2
0.1285	0.0
0.12875	0.0
0.129	0.2
0.12925	0.0
0.1295	0.0
0.12975	0.2
0.13	0.2
0.13025	0.2
0.1305	0.2
0.13075	0.0
0.131	0.2
0.13125	0.0
0.1315	0.0
0.13175	0.0
0.132	0.0
0.13225	0.0
0.1325	0.0
0.13275	0.0
0.133	-0.2
0.13325	0.0
0.1335	0.0
0.13375	-0.2
0.134	-0.2
0.13425	-0.4
0.1345	-0.6
0.13475	-0.6
0.135	-0.6
0.13525	-0.8
0.1355	-1.2
0.13575	-1.2
0.136	-1.8
0.13625	-2.4
0.1365	-2.8
0.13675	-3.6
0.137	-4.0
0.13725	-4.2
0.1375	-4.4
0.13775	-4.4
0.138	-4.6
0.13825	-4.4
0.1385	-4.4
0.13875	-4.6
0.139	-4.6
0.13925	-4.6
0.1395	-4.6
0.13975	-4.4
0.14	-4.6
0.14025	-4.4
0.1405	-4.6
0.14075	-4.6
0.141	-4.4
0.14125	-4.4
0.1415	-4.6
0.14175	-4.4
0.142	-4.4
0.14225	-4.4
0.1425	-4.4
0.14275	-4.2
0.143	-4.4
0.14325	-4.2
0.1435	-4.2
0.14375	-4.4
0.144	-4.4
0.14425	-4.2
0.1445	-4.2
0.14475	-4.2
0.145	-4.2
0.14525	-4.2
0.1455	-4.2
0.14575	-4.2
0.146	-4.4
0.14625	-4.2
0.1465	-4.2
0.14675	-4.0
0.147	-4.2
0.14725	-4.2
0.1475	-4.2
0.14775	-4.2
0.148	-4.2
0.14825	-4.0
0.1485	-4.0
0.14875	-4.0
0.149	-4.2
0.14925	-4.2
0.1495	-4.0
0.14975	-4.0
0.15	-4.0
0.15025	-4.0
0.1505	-4.0
0.15075	-4.2
0.151	-4.0
0.15125	-4.0
0.1515	-4.0
0.15175	-4.0
0.152	-4.0
0.15225	-4.0
0.1525	-3.8
0.15275	-4.0
0.153	-3.8
0.15325	-3.8
0.1535	-3.8
0.15375	-3.8
0.154	-3.8
0.15425	-3.8
0.1545	-3.8
0.15475	-3.8
0.155	-3.8
0.15525	-4.0
0.1555	-3.8
0.15575	-3.8
0.156	-3.8
0.15625	-3.8
0.1565	-3.8
0.15675	-3.8
0.157	-3.8
0.15725	-3.6
0.1575	-3.8
0.15775	-3.8
0.158	-3.6
0.15825	-3.8
0.1585	-3.6
0.15875	-3.6
0.159	-3.6
0.15925	-3.8
0.1595	-3.8
0.15975	-3.6
0.16	-3.6
0.16025	-3.6
0.1605	-3.6
0.16075	-3.6
0.161	-3.6
0.16125	-3.6
0.1615	-3.6
0.16175	-3.6
0.162	-3.6
0.16225	-3.6
0.1625	-3.6
0.16275	-3.6
0.163	-3.6
0.16325	-3.6
0.1635	-3.6
0.16375	-3.6
0.164	-3.6
0.16425	-3.6
0.1645	-3.6
0.16475	-3.6
0.165	-3.6
0.16525	-3.6
0.1655	-3.4
0.16575	-3.4
0.166	-3.6
0.16625	-3.4
0.1665	-3.6
0.16675	-3.4
0.167	-3.4
0.16725	-3.6
0.1675	-3.4
0.16775	-3.6
0.168	-3.4
0.16825	-3.4
0.1685	-3.4
0.16875	-3.4
0.169	-3.4
0.16925	-3.4
0.1695	-3.4
0.16975	-3.4
0.17	-3.4
0.17025	-3.4
0.1705	-3.4
0.17075	-3.4
0.171	-3.4
0.17125	-3.2
0.1715	-3.4
0.17175	-3.4
0.172	-3.4
0.17225	-3.2
0.1725	-3.4
0.17275	-3.4
0.173	-3.4
0.17325	-3.4
0.1735	-3.2
0.17375	-3.4
0.174	-3.2
0.17425	-3.2
0.1745	-3.2
0.17475	-3.2
0.175	-3.4
0.17525	-3.0
0.1755	-3.4
0.17575	-3.2
0.176	-3.4
0.17625	-3.2
0.1765	-3.2
0.17675	-3.2
0.177	-3.2
0.17725	-3.2
0.1775	-3.2
0.17775	-3.2
0.178	-3.0
0.17825	-3.2
0.1785	-3.2
0.17875	-3.2
0.179	-3.2
0.17925	-3.4
0.1795	-3.2
0.17975	-3.2
0.18	-3.2
0.18025	-3.2
0.1805	-3.0
0.18075	-3.2
0.181	-3.2
0.18125	-3.2
0.1815	-3.0
0.18175	-3.0
0.182	-3.0
0.18225	-3.0
0.1825	-3.2
0.18275	-3.2
0.183	-3.0
0.18325	-3.0
0.1835	-3.0
0.18375	-3.0
0.184	-3.0
0.18425	-3.0
0.1845	-3.0
0.18475	-3.0
0.185	-2.8
0.18525	-2.8
0.1855	-2.8
0.18575	-2.6
0.186	-2.4
0.18625	-2.4
0.1865	-2.2
0.18675	-1.8
0.187	-1.4
0.18725	-0.6
0.1875	-0.2
0.18775	0.8
0.188	1.6
0.18825	2.2
0.1885	2.6
0.18875	3.0
0.189	3.2
0.18925	3.2
0.1895	3.4
0.18975	3.4
0.19	3.4
0.19025	3.4
0.1905	3.4
0.19075	3.4
0.191	3.4
0.19125	3.4
0.1915	3.2
0.19175	3.2
0.192	3.2
0.19225	3.0
0.1925	3.2
0.19275	3.2
0.193	3.2
0.19325	3.0
0.1935	3.0
0.19375	2.8
0.194	2.8
0.19425	2.8
0.1945	2.8
0.19475	2.8
0.195	2.8
0.19525	2.8
0.1955	2.8
0.19575	2.8
0.196	2.4
0.19625	2.6
0.1965	2.8
0.19675	2.6
0.197	2.6
0.19725	2.4
0.1975	2.6
0.19775	2.4
0.198	2.4
0.19825	2.4
0.1985	2.4
0.19875	2.4
0.199	2.4
0.19925	2.2
0.1995	2.2
0.19975	2.4
0.2	2.2
0.20025	2.4
0.2005	2.2
0.20075	2.2
0.201	2.2
0.20125	2.0
0.2015	2.2
0.20175	2.0
0.202	2.2
0.20225	2.0
0.2025	2.0
0.20275	2.0
0.203	2.0
0.20325	1.8
0.2035	2.0
0.20375	2.0
0.204	2.0
0.20425	1.8
0.2045	1.6
0.20475	1.8
0.205	1.8
0.20525	1.8
0.2055	1.6
0.20575	1.6
0.206	1.6
0.20625	1.6
0.2065	1.8
0.20675	1.6
0.207	1.6
0.20725	1.4
0.2075	1.6
0.20775	1.4
0.208	1.6
0.20825	1.4
0.2085	1.4
0.20875	1.4
0.209	1.4
0.20925	1.4
0.2095	1.4
0.20975	1.4
0.21	1.4
0.21025	1.4
0.2105	1.4
0.21075	1.2
0.211	1.2
0.21125	1.2
0.2115	1.2
0.21175	1.2
0.212	1.2
0.21225	1.2
0.2125	1.2
0.21275	1.2
0.213	1.2
0.21325	1.2
0.2135	1.0
0.21375	1.0
0.214	1.0
0.21425	1.0
0.2145	1.0
0.21475	1.0
0.215	1.0
0.21525	1.0
0.2155	0.8
0.21575	1.0
0.216	1.0
0.21625	0.8
0.2165	0.8
0.21675	0.8
0.217	0.8
0.21725	0.8
0.2175	0.8
0.21775	0.8
0.218	0.8
0.21825	0.8
0.2185	0.8
0.21875	0.8
0.219	0.8
0.21925	0.8
0.2195	0.8
0.21975	0.6
0.22	0.6
0.22025	0.6
0.2205	0.6
0.22075	0.6
0.221	0.6
0.22125	0.6
0.2215	0.6
0.22175	0.6
0.222	0.6
0.22225	0.6
0.2225	0.6
0.22275	0.6
0.223	0.6
0.22325	0.6
0.2235	0.4
0.22375	0.4
0.224	0.6
0.22425	0.4
0.2245	0.6
0.22475	0.6
0.225	0.6
0.22525	0.4
0.2255	0.4
0.22575	0.4
0.226	0.4
0.22625	0.4
0.2265	0.4
0.22675	0.4
0.227	0.4
0.22725	0.2
0.2275	0.2
0.22775	0.2
0.228	0.2
0.22825	0.2
0.2285	0.4
0.22875	0.2
0.229	0.2
0.22925	0.2
0.2295	0.2
0.22975	0.2
0.23	0.2
0.23025	0.2
0.2305	0.2
0.23075	0.2
0.231	0.2
0.23125	0.0
0.2315	0.0
0.23175	0.2
0.232	0.2
0.23225	0.0
0.2325	0.0
0.23275	0.0
0.233	0.0
0.23325	0.2
0.2335	0.0
0.23375	0.2
0.234	0.0
0.23425	-0.2
0.2345	0.0
0.23475	-0.2
0.235	-0.2
0.23525	0.0
0.2355	-0.2
0.23575	-0.2
0.236	-0.2
0.23625	-0.2
0.2365	-0.6
0.23675	-0.6
0.237	-1.0
0.23725	-1.0
0.2375	-1.4
0.23775	-1.8
0.238	-2.4
0.23825	-3.0
0.2385	-3.6
0.23875	-4.2
0.239	-4.2
0.23925	-4.6
0.2395	-4.4
0.23975	-4.4
0.24	-4.4
0.24025	-4.6
0.2405	-4.6
0.24075	-4.4
0.241	-4.6
0.24125	-4.6
0.2415	-4.6
0.24175	-4.6
0.242	-4.4
0.24225	-4.6
0.2425	-4.4
0.24275	-4.4
0.243	-4.4
0.24325	-4.4
0.2435	-4.6
0.24375	-4.2
0.244	-4.4
0.24425	-4.4
0.2445	-4.4
0.24475	-4.2
0.245	-4.2
0.24525	-4.2
0.2455	-4.2
0.24575	-4.4
0.246	-4.4
0.24625	-4.2
0.2465	-4.4
0.24675	-4.4
0.247	-4.2
0.24725	-4.2
0.2475	-4.0
0.24775	-4.2
0.248	-4.2
0.24825	-4.2
0.2485	-4.2
0.24875	-4.0
0.249	-4.2
0.24925	-4.2
0.2495	-4.2
0.24975	-4.2
0.25	-4.2
0.25025	-4.0
0.2505	-4.2
0.25075	-4.0
0.251	-4.0
0.25125	-4.2
0.2515	-4.2
0.25175	-4.0
0.252	-4.0
0.25225	-4.0
0.2525	-4.0
0.25275	-4.0
0.253	-4.0
0.25325	-4.0
0.2535	-4.0
0.25375	-4.0
0.254	-4.0
0.25425	-4.0
0.2545	-4.0
0.25475	-3.8
0.255	-4.0
0.25525	-3.8
0.2555	-3.8
0.25575	-4.0
0.256	-4.0
0.25625	-3.8
0.2565	-3.8
0.25675	-3.8
0.257	-4.0
0.25725	-3.8
0.2575	-3.8
0.25775	-3.8
0.258	-3.6
0.25825	-3.8
0.2585	-3.6
0.25875	-3.6
0.259	-3.8
0.25925	-3.6
0.2595	-3.8
0.25975	-3.6
0.26	-3.8
0.26025	-3.8
0.2605	-3.6
0.26075	-3.8
0.261	-3.6
0.26125	-3.6
0.2615	-3.6
0.26175	-3.6
0.262	-3.6
0.26225	-3.6
0.2625	-3.6
0.26275	-3.6
0.263	-3.6
0.26325	-3.6
0.2635	-3.6
0.26375	-3.6
0.264	-3.6
0.26425	-3.6
0.2645	-3.6
0.26475	-3.6
0.265	-3.6
0.26525	-3.6
0.2655	-3.6
0.26575	-3.6
0.266	-3.6
0.26625	-3.6
0.2665	-3.6
0.26675	-3.6
0.267	-3.6
0.26725	-3.4
0.2675	-3.4
0.26775	-3.4
0.268	-3.4
0.26825	-3.4
0.2685	-3.4
0.26875	-3.4
0.269	-3.6
0.26925	-3.4
0.2695	-3.4
0.26975	-3.4
0.27	-3.4
0.27025	-3.4
0.2705	-3.4
0.27075	-3.4
0.271	-3.4
0.27125	-3.2
0.2715	-3.2
0.27175	-3.4
0.272	-3.4
0.27225	-3.4
0.2725	-3.4
0.27275	-3.4
0.273	-3.4
0.27325	-3.4
0.2735	-3.4
0.27375	-3.4
0.274	-3.2
0.27425	-3.2
0.2745	-3.4
0.27475	-3.4
0.275	-3.4
0.27525	-3.2
0.2755	-3.2
0.27575	-3.4
0.276	-3.2
0.27625	-3.2
0.2765	-3.2
0.27675	-3.4
0.277	-3.2
0.27725	-3.2
0.2775	-3.2
0.27775	-3.4
0.278	-3.2
0.27825	-3.2
0.2785	-3.2
0.27875	-3.2
0.279	-3.0
0.27925	-3.2
0.2795	-3.2
0.27975	-3.2
0.28	-3.2
0.28025	-3.4
0.2805	-3.2
0.28075	-3.2
0.281	-3.2
0.28125	-3.2
0.2815	-3.0
0.28175	-3.2
0.282	-3.2
0.28225	-3.2
0.2825	-3.0
0.28275	-3.2
0.283	-3.0
0.28325	-3.2
0.2835	-3.0
0.28375	-2.8
0.284	-3.0
0.28425	-3.2
0.2845	-3.2
0.28475	-3.2
0.285	-3.0
0.28525	-3.0
0.2855	-3.0
0.28575	-3.0
0.286	-3.0
0.28625	-2.8
0.2865	-3.0
0.28675	-2.8
0.287	-2.8
0.28725	-2.8
0.2875	-2.6
0.28775	-2.6
0.288	-2.4
0.28825	-2.0
0.2885	-1.8
0.28875	-1.2
0.289	-0.8
0.28925	0.0
0.2895	1.0
0.28975	1.8
0.29	2.2
0.29025	2.8
0.2905	3.0
0.29075	3.0
0.291	3.2
0.29125	3.4
0.2915	3.4
0.29175	3.4
0.292	3.6
0.29225	3.4
0.2925	3.4
0.29275	3.4
0.293	3.2
0.29325	3.2
0.2935	3.2
0.29375	3.2
0.294	3.2
0.29425	3.0
0.2945	3.0
0.29475	3.2
0.295	3.0
0.29525	3.0
0.2955	3.0
0.29575	3.0
0.296	3.0
0.29625	2.8
0.2965	2.8
0.29675	2.8
0.297	2.8
0.29725	2.6
0.2975	2.6
0.29775	2.8
0.298	2.8
0.29825	2.6
0.2985	2.6
0.29875	2.6
0.299	2.4
0.29925	2.4
0.2995	2.4
0.29975	2.6
0.3	2.6
0.30025	2.4
0.3005	2.4
0.30075	2.2
0.301	2.4
0.30125	2.4
0.3015	2.4
0.30175	2.2
0.302	2.2
0.30225	2.2
0.3025	2.2
0.30275	2.2
0.303	2.2
0.30325	2.2
0.3035	2.0
0.30375	2.0
0.304	2.0
0.30425	2.2
0.3045	1.8
0.30475	2.0
0.305	1.8
0.30525	1.8
0.3055	2.0
0.30575	1.8
0.306	1.8
0.30625	1.8
0.3065	2.0
0.30675	1.8
0.307	1.8
0.30725	1.8
0.3075	1.6
0.30775	1.6
0.308	1.8
0.30825	1.6
0.3085	1.6
0.30875	1.6
0.309	1.6
0.30925	1.6
0.3095	1.6
0.30975	1.6
0.31	1.4
0.31025	1.4
0.3105	1.4
0.31075	1.6
0.311	1.4
0.31125	1.4
0.3115	1.4
0.31175	1.4
0.312	1.4
0.31225	1.4
0.3125	1.4
0.31275	1.4
0.313	1.2
0.31325	1.2
0.3135	1.0
0.31375	1.2
0.314	1.2
0.31425	1.2
0.3145	1.2
0.31475	1.0
0.315	1.2
0.31525	1.0
0.3155	1.0
0.31575	1.0
0.316	1.0
0.31625	1.0
0.3165	1.0
0.31675	0.8
0.317	1.0
0.31725	0.8
0.3175	1.2
0.31775	1.0
0.318	0.8
0.31825	0.8
0.3185	1.0
0.31875	0.8
0.319	0.8
0.31925	0.8
0.3195	0.8
0.31975	0.8
0.32	0.8
0.32025	0.8
0.3205	0.8
0.32075	0.8
0.321	0.6
0.32125	0.6
0.3215	0.8
0.32175	0.6
0.322	0.6
0.32225	0.6
0.3225	0.8
0.32275	0.6
0.323	0.6
0.32325	0.6
0.3235	0.6
0.32375	0.6
0.324	0.6
0.32425	0.6
0.3245	0.6
0.32475	0.4
0.325	0.6
0.32525	0.6
0.3255	0.4
0.32575	0.4
0.326	0.4
0.32625	0.4
0.3265	0.4
0.32675	0.4
0.327	0.4
0.32725	0.4
0.3275	0.4
0.32775	0.4
0.328	0.4
0.32825	0.4
0.3285	0.4
0.32875	0.4
0.329	0.4
0.32925	0.4
0.3295	0.4
0.32975	0.4
0.33	0.4
0.33025	0.2
0.3305	0.2
0.33075	0.0
0.331	0.2
0.33125	0.2
0.3315	0.2
0.33175	0.2
0.332	0.2
0.33225	0.2
0.3325	0.2
0.33275	0.2
0.333	0.2
0.33325	0.0
0.3335	0.0
0.33375	0.0
0.334	0.0
0.33425	0.2
0.3345	0.0
0.33475	0.0
0.335	0.0
0.33525	0.0
0.3355	0.0
0.33575	-0.2
0.336	0.0
0.33625	0.0
0.3365	-0.2
0.33675	0.0
0.337	0.0
0.33725	-0.2
0.3375	-0.2
0.33775	-0.4
0.338	-0.4
0.33825	-0.6
0.3385	-0.6
0.33875	-0.8
0.339	-1.2
0.33925	-1.4
0.3395	-1.8
0.33975	-2.4
0.34	-3.2
0.34025	-3.8
0.3405	-4.2
0.34075	-4.2
0.341	-4.4
0.34125	-4.6
0.3415	-4.6
0.34175	-4.6
0.342	-4.4
0.34225	-4.6
0.3425	-4.4
0.34275	-4.4
0.343	-4.6
0.34325	-4.4
0.3435	-4.4
0.34375	-4.6
0.344	-4.6
0.34425	-4.4
0.3445	-4.4
0.34475	-4.4
0.345	-4.4
0.34525	-4.4
0.3455	-4.2
0.34575	-4.4
0.346	-4.4
0.34625	-4.4
0.3465	-4.6
0.34675	-4.4
0.347	-4.2
0.34725	-4.4
0.3475	-4.4
0.34775	-4.2
0.348	-4.2
0.34825	-4.2
0.3485	-4.0
0.34875	-4.2
0.349	-4.2
0.34925	-4.4
0.3495	-4.2
0.34975	-4.2
0.35	-4.2
0.35025	-4.2
0.3505	-4.2
0.35075	-4.2
0.351	-4.2
0.35125	-4.0
0.3515	-4.0
0.35175	-4.2
0.352	-4.2
0.35225	-4.2
0.3525	-4.2
0.35275	-4.0
0.353	-4.0
0.35325	-4.0
0.3535	-4.0
0.35375	-4.2
0.354	-4.0
0.35425	-4.0
0.3545	-4.0
0.35475	-3.8
0.355	-4.0
0.35525	-4.0
0.3555	-4.0
0.35575	-4.0
0.356	-3.8
0.35625	-3.8
0.3565	-3.8
0.35675	-3.8
0.357	-3.8
0.35725	-3.8
0.3575	-3.8
0.35775	-3.8
0.358	-4.0
0.35825	-3.8
0.3585	-3.8
0.35875	-3.8
0.359	-3.8
0.35925	-3.8
0.3595	-4.0
0.35975	-3.8
0.36	-3.8
0.36025	-3.6
0.3605	-3.6
0.36075	-3.6
0.361	-3.8
0.36125	-3.8
0.3615	-3.8
0.36175	-3.6
0.362	-3.6
0.36225	-3.6
0.3625	-3.6
0.36275	-3.8
0.363	-3.8
0.36325	-3.8
0.3635	-3.6
0.36375	-3.6
0.364	-3.6
0.36425	-3.6
0.3645	-3.6
0.36475	-3.6
0.365	-3.6
0.36525	-3.6
0.3655	-3.6
0.36575	-3.6
0.366	-3.6
0.36625	-3.6
0.3665	-3.6
0.36675	-3.6
0.367	-3.6
0.36725	-3.6
0.3675	-3.6
0.36775	-3.6
0.368	-3.6
0.36825	-3.6
0.3685	-3.6
0.36875	-3.4
0.369	-3.6
0.36925	-3.6
0.3695	-3.4
0.36975	-3.4
0.37	-3.4
0.37025	-3.4
0.3705	-3.4
0.37075	-3.6
0.371	-3.4
0.37125	-3.4
0.3715	-3.4
0.37175	-3.4
0.372	-3.6
0.37225	-3.4
0.3725	-3.4
0.37275	-3.4
0.373	-3.4
0.37325	-3.4
0.3735	-3.4
0.37375	-3.4
0.374	-3.4
0.37425	-3.4
0.3745	-3.4
0.37475	-3.4
0.375	-3.2
0.37525	-3.4
0.3755	-3.2
0.37575	-3.2
0.376	-3.2
0.37625	-3.2
0.3765	-3.4
0.37675	-3.2
0.377	-3.2
0.37725	-3.4
0.3775	-3.2
0.37775	-3.4
0.378	-3.4
0.37825	-3.2
0.3785	-3.2
0.37875	-3.2
0.379	-3.2
0.37925	-3.4
0.3795	-3.2
0.37975	-3.0
0.38	-3.2
0.38025	-3.4
0.3805	-3.2
0.38075	-3.2
0.381	-3.2
0.38125	-3.2
0.3815	-3.2
0.38175	-3.2
0.382	-3.2
0.38225	-3.0
0.3825	-3.4
0.38275	-3.2
0.383	-3.0
0.38325	-3.0
0.3835	-3.2
0.38375	-3.2
0.384	-3.2
0.38425	-3.2
0.3845	-3.2
0.38475	-3.2
0.385	-3.2
0.38525	-3.0
0.3855	-3.0
0.38575	-3.0
0.386	-3.0
0.38625	-3.0
0.3865	-3.0
0.38675	-3.0
0.387	-3.0
0.38725	-3.0
0.3875	-3.0
0.38775	-3.0
0.388	-2.8
0.38825	-2.8
0.3885	-2.8
0.38875	-2.8
0.389	-2.8
0.38925	-2.6
0.3895	-2.6
0.38975	-2.2
0.39	-2.0
0.39025	-1.8
0.3905	-1.2
0.39075	-0.6
0.391	0.2
0.39125	1.0
0.3915	1.8
0.39175	2.4
0.392	2.8
0.39225	3.0
0.3925	3.2
0.39275	3.4
0.393	3.4
0.39325	3.4
0.3935	3.6
0.39375	3.4
0.394	3.4
0.39425	3.4
0.3945	3.2
0.39475	3.4
0.395	3.2
0.39525	3.2
0.3955	3.2
0.39575	3.2
0.396	3.0
0.39625	3.0
0.3965	3.0
0.39675	2.8
0.397	2.8
0.39725	3.0
0.3975	2.8
0.39775	2.8
0.398	2.8
0.39825	2.8
0.3985	2.8
0.39875	2.8
0.399	2.8
0.39925	2.8
0.3995	2.6
0.39975	2.6
0.4	2.6
0.40025	2.6
0.4005	2.4
0.40075	2.6
0.401	2.6
0.40125	2.4
0.4015	2.4
0.40175	2.4
0.402	2.4
0.40225	2.4
0.4025	2.2
0.40275	2.4
0.403	2.2
0.40325	2.4
0.4035	2.2
0.40375	2.2
0.404	2.4
0.40425	2.2
0.4045	2.2
0.40475	2.2
0.405	2.0
0.40525	2.2
0.4055	2.0
0.40575	2.0
0.406	2.0
0.40625	2.2
0.4065	1.8
0.40675	2.0
0.407	2.0
0.40725	1.8
0.4075	2.0
0.40775	1.8
0.408	1.8
0.40825	1.8
0.4085	1.8
0.40875	1.8
0.409	1.6
0.40925	1.6
0.4095	1.6
0.40975	1.6
0.41	1.6
0.41025	1.6
0.4105	1.4
0.41075	1.4
0.411	1.4
0.41125	1.6
0.4115	1.6
0.41175	1.4
0.412	1.4
0.41225	1.4
0.4125	1.4
0.41275	1.4
0.413	1.4
0.41325	1.4
0.4135	1.4
0.41375	1.2
0.414	1.4
0.41425	1.4
0.4145	1.4
0.41475	1.4
0.415	1.0
0.41525	1.2
0.4155	1.2
0.41575	1.2
0.416	1.2
0.41625	1.2
0.4165	1.0
0.41675	1.0
0.417	1.0
0.41725	1.0
0.4175	1.0
0.41775	1.0
0.418	1.0
0.41825	0.8
0.4185	0.8
0.41875	1.0
0.419	0.8
0.41925	1.0
0.4195	0.8
0.41975	0.8
0.42	0.8
0.42025	0.8
0.4205	1.0
0.42075	0.8
0.421	0.8
0.42125	0.8
0.4215	0.8
0.42175	0.8
0.422	0.8
0.42225	0.8
0.4225	0.6
0.42275	0.6
0.423	0.6
0.42325	0.6
0.4235	0.6
0.42375	0.6
0.424	0.8
0.42425	0.6
0.4245	0.6
0.42475	0.6
0.425	0.6
0.42525	0.6
0.4255	0.6
0.42575	0.6
0.426	0.6
0.42625	0.6
0.4265	0.4
0.42675	0.6
0.427	0.4
0.42725	0.4
0.4275	0.6
0.42775	0.6
0.428	0.4
0.42825	0.4
0.4285	0.4
0.42875	0.4
0.429	0.4
0.42925	0.4
0.4295	0.4
0.42975	0.4
0.43	0.6
0.43025	0.4
0.4305	0.4
0.43075	0.4
0.431	0.2
0.43125	0.2
0.4315	0.4
0.43175	0.2
0.432	0.2
0.43225	0.2
0.4325	0.2
0.43275	0.4
0.433	0.0
0.43325	0.2
0.4335	0.0
0.43375	0.2
0.434	0.2
0.43425	0.2
0.4345	0.0
0.43475	0.2
0.435	0.0
0.43525	0.2
0.4355	0.2
0.43575	0.0
0.436	0.0
0.43625	0.0
0.4365	0.0
0.43675	0.0
0.437	0.0
0.43725	0.0
0.4375	0.0
0.43775	0.0
0.438	0.0
0.43825	0.0
0.4385	0.0
0.43875	-0.2
0.439	-0.2
0.43925	-0.2
0.4395	-0.4
0.43975	-0.4
0.44	-0.6
0.44025	-0.6
0.4405	-0.8
0.44075	-1.0
0.441	-1.6
0.44125	-2.0
0.4415	-2.6
0.44175	-3.2
0.442	-3.8
0.44225	-4.2
0.4425	-4.2
0.44275	-4.4
0.443	-4.6
0.44325	-4.6
0.4435	-4.6
0.44375	-4.6
0.444	-4.6
0.44425	-4.4
0.4445	-4.6
0.44475	-4.6
0.445	-4.4
0.44525	-4.6
0.4455	-4.6
0.44575	-4.4
0.446	-4.6
0.44625	-4.4
0.4465	-4.6
0.44675	-4.4
0.447	-4.6
0.44725	-4.4
0.4475	-4.4
0.44775	-4.4
0.448	-4.4
0.44825	-4.4
0.4485	-4.2
0.44875	-4.4
0.449	-4.4
0.44925	-4.2
0.4495	-4.2
0.44975	-4.2
0.45	-4.2
0.45025	-4.2
0.4505	-4.2
0.45075	-4.4
0.451	-4.2
0.45125	-4.2
0.4515	-4.2
0.45175	-4.2
0.452	-4.2
0.45225	-4.2
0.4525	-4.2
0.45275	-4.2
0.453	-4.2
0.45325	-4.2
0.4535	-4.2
0.45375	-4.2
0.454	-4.0
0.45425	-4.0
0.4545	-4.0
0.45475	-4.0
0.455	-3.8
0.45525	-4.0
0.4555	-4.0
0.45575	-3.8
0.456	-4.0
0.45625	-4.0
0.4565	-3.8
0.45675	-4.0
0.457	-4.0
0.45725	-4.0
0.4575	-4.0
0.45775	-3.8
0.458	-3.6
0.45825	-4.0
0.4585	-4.0
0.45875	-3.8
0.459	-4.0
0.45925	-4.0
0.4595	-4.0
0.45975	-3.8
0.46	-3.8
0.46025	-3.8
0.4605	-3.6
0.46075	-3.8
0.461	-3.8
0.46125	-3.6
0.4615	-3.8
0.46175	-3.8
0.462	-4.0
0.46225	-3.8
0.4625	-3.6
0.46275	-3.6
0.463	-3.6
0.46325	-3.6
0.4635	-3.8
0.46375	-3.8
0.464	-3.8
0.46425	-3.6
0.4645	-3.8
0.46475	-3.8
0.465	-3.8
0.46525	-3.6
0.4655	-3.6
0.46575	-3.6
0.466	-3.8
0.46625	-3.6
0.4665	-3.6
0.46675	-3.6
0.467	-3.6
0.46725	-3.6
0.4675	-3.6
0.46775	-3.6
0.468	-3.6
0.46825	-3.6
0.4685	-3.6
0.46875	-3.4
0.469	-3.6
0.46925	-3.6
0.4695	-3.4
0.46975	-3.6
0.47	-3.6
0.47025	-3.6
0.4705	-3.6
0.47075	-3.6
0.471	-3.4
0.47125	-3.6
0.4715	-3.6
0.47175	-3.6
0.472	-3.4
0.47225	-3.4
0.4725	-3.4
0.47275	-3.4
0.473	-3.4
0.47325	-3.6
0.4735	-3.4
0.47375	-3.4
0.474	-3.4
0.47425	-3.4
0.4745	-3.4
0.47475	-3.6
0.475	-3.4
0.47525	-3.2
0.4755	-3.2
0.47575	-3.4
0.476	-3.4
0.47625	-3.4
0.4765	-3.2
0.47675	-3.4
0.477	-3.4
0.47725	-3.2
0.4775	-3.4
0.47775	-3.2
0.478	-3.4
0.47825	-3.4
0.4785	-3.4
0.47875	-3.4
0.479	-3.2
0.47925	-3.4
0.4795	-3.4
0.47975	-3.2
0.48	-3.2
0.48025	-3.2
0.4805	-3.4
0.48075	-3.4
0.481	-3.2
0.48125	-3.2
0.4815	-3.2
0.48175	-3.0
0.482	-3.2
0.48225	-3.2
0.4825	-3.2
0.48275	-3.2
0.483	-3.4
0.48325	-3.2
0.4835	-3.2
0.48375	-3.4
0.484	-3.2
0.48425	-3.2
0.4845	-3.2
0.48475	-3.2
0.485	-3.2
0.48525	-3.2
0.4855	-3.2
0.48575	-3.2
0.486	-3.2
0.48625	-3.2
0.4865	-3.2
0.48675	-3.0
0.487	-3.2
0.48725	-3.0
0.4875	-3.2
0.48775	-3.2
0.488	-3.0
0.48825	-3.0
0.4885	-3.0
0.48875	-2.8
0.489	-2.8
0.48925	-3.0
0.4895	-3.0
0.48975	-2.8
0.49	-3.0
0.49025	-3.0
0.4905	-2.8
0.49075	-2.8
0.491	-2.6
0.49125	-2.6
0.4915	-2.4
0.49175	-1.8
0.492	-1.4
0.49225	-1.0
0.4925	-0.6
0.49275	0.4
0.493	1.2
0.49325	1.8
0.4935	2.4
0.49375	2.8
0.494	3.0
0.49425	3.2
0.4945	3.4
0.49475	3.4
0.495	3.6
0.49525	3.4
0.4955	3.4
0.49575	3.2
0.496	3.4
0.49625	3.4
0.4965	3.2
0.49675	3.2
0.497	3.2
0.49725	3.2
0.4975	3.2
0.49775	3.0
0.498	3.0
0.49825	3.0
0.4985	3.0
0.49875	2.8
0.499	2.8
0.49925	2.8
0.4995	2.8
0.49975	2.8
0.5	2.8
0.50025	2.8
0.5005	2.8
0.50075	2.6
0.501	2.6
0.50125	2.6
0.5015	2.6
0.50175	2.6
0.502	2.6
0.50225	2.6
0.5025	2.4
0.50275	2.4
0.503	2.4
0.50325	2.4
0.5035	2.4
0.50375	2.4
0.504	2.4
0.50425	2.2
0.5045	2.4
0.50475	2.4
0.505	2.2
0.50525	2.2
0.5055	2.2
0.50575	2.2
0.506	2.2
0.50625	2.2
0.5065	2.2
0.50675	2.2
0.507	2.0
0.50725	2.2
0.5075	2.2
0.50775	2.0
0.508	2.0
0.50825	2.0
0.5085	2.0
0.50875	2.0
0.509	2.0
0.50925	1.8
0.5095	1.8
0.50975	1.8
0.51	1.8
0.51025	1.8
0.5105	1.8
0.51075	1.8
0.511	1.6
0.51125	1.6
0.5115	1.6
0.51175	1.6
0.512	1.6
0.51225	1.6
0.5125	1.6
0.51275	1.6
0.513	1.4
0.51325	1.4
0.5135	1.4
0.51375	1.4
0.514	1.4
0.51425	1.4
0.5145	1.2
0.51475	1.4
0.515	1.4
0.51525	1.2
0.5155	1.4
0.51575	1.4
0.516	1.4
0.51625	1.4
0.5165	1.4
0.51675	1.2
0.517	1.0
0.51725	1.2
0.5175	1.0
0.51775	1.4
0.518	1.2
0.51825	1.0
0.5185	1.0
0.51875	1.2
0.519	1.0
0.51925	1.0
0.5195	1.0
0.51975	1.0
0.52	1.0
0.52025	0.8
0.5205	0.8
0.52075	1.0
0.521	0.8
0.52125	0.8
0.5215	0.8
0.52175	0.8
0.522	0.8
0.52225	0.8
0.5225	0.8
0.52275	0.8
0.523	0.8
0.52325	0.8
0.5235	0.8
0.52375	0.8
0.524	0.8
0.52425	0.8
0.5245	0.8
0.52475	0.8
0.525	0.8
0.52525	0.6
0.5255	0.8
0.52575	0.6
0.526	0.6
0.52625	0.4
0.5265	0.6
0.52675	0.6
0.527	0.6
0.52725	0.6
0.5275	0.6
0.52775	0.6
0.528	0.6
0.52825	0.6
0.5285	0.6
0.52875	0.6
0.529	0.6
0.52925	0.6
0.5295	0.4
0.52975	0.6
0.53	0.4
0.53025	0.4
0.5305	0.4
0.53075	0.4
0.531	0.4
0.53125	0.2
0.5315	0.2
0.53175	0.4
0.532	0.4
0.53225	0.4
0.5325	0.4
0.53275	0.2
0.533	0.2
0.53325	0.2
0.5335	0.2
0.53375	0.2
0.534	0.2
0.53425	0.2
0.5345	0.2
0.53475	0.2
0.535	0.2
0.53525	0.2
0.5355	0.2
0.53575	0.2
0.536	0.0
0.53625	0.2
0.5365	0.2
0.53675	0.2
0.537	0.2
0.53725	0.0
0.5375	0.0
0.53775	0.0
0.538	0.2
0.53825	0.0
0.5385	0.0
0.53875	0.0
0.539	0.0
0.53925	0.2
0.5395	0.0
0.53975	-0.2
0.54	0.0
0.54025	-0.2
0.5405	-0.2
0.54075	-0.2
0.541	-0.2
0.54125	-0.4
0.5415	-0.6
0.54175	-0.6
0.542	-0.6
0.54225	-0.8
