0.0	0.2
1.0000000000000287e-5	0.2
2.0000000000000574e-5	0.2
2.9999999999999472e-5	0.2
3.999999999999976e-5	0.2
5.000000000000005e-5	0.2
6.0000000000000334e-5	0.4
7.000000000000062e-5	0.2
7.999999999999952e-5	0.0
8.99999999999998e-5	0.0
0.0001000000000000001	0.2
0.00011000000000000038	0.2
0.00012000000000000067	0.2
0.00012999999999999955	0.2
0.00013999999999999985	0.2
0.00015000000000000015	0.2
0.00016000000000000042	0.2
0.00016999999999999933	0.2
0.0001799999999999996	0.2
0.0001899999999999999	0.2
0.0002000000000000002	0.2
0.00021000000000000047	0.2
0.00021999999999999938	0.2
0.00022999999999999965	0.2
0.00023999999999999995	0.2
0.0002500000000000002	0.0
0.0002600000000000005	0.0
0.0002699999999999994	0.2
0.0002799999999999997	0.2
0.00029	0.2
0.0003000000000000003	0.2
0.0003100000000000006	0.2
0.0003199999999999995	0.2
0.0003299999999999998	0.2
0.00034	0.2
0.0003500000000000003	0.2
0.0003600000000000006	0.2
0.0003699999999999995	0.0
0.0003799999999999998	0.2
0.0003900000000000001	0.2
0.0004000000000000004	0.2
0.00041000000000000064	0.0
0.0004199999999999996	0.2
0.0004299999999999998	0.2
0.0004400000000000001	0.0
0.0004500000000000004	0.0
0.0004600000000000007	0.2
0.0004699999999999996	0.2
0.0004799999999999999	0.0
0.0004900000000000002	0.2
0.0005000000000000004	0.0
0.0005099999999999994	0.2
0.0005199999999999996	0.0
0.00053	0.2
0.0005400000000000002	0.0
0.0005500000000000005	0.2
0.0005599999999999994	0.2
0.0005699999999999997	0.0
0.00058	0.0
0.0005900000000000002	0.0
0.0006000000000000006	0.0
0.0006099999999999994	0.2
0.0006199999999999998	0.0
0.00063	0.0
0.0006400000000000004	0.0
0.0006500000000000006	0.2
0.0006599999999999996	0.2
0.0006699999999999998	0.0
0.00068	0.0
0.0006900000000000004	0.0
0.0007000000000000006	0.0
0.0007099999999999996	0.0
0.0007199999999999998	0.2
0.0007300000000000002	0.0
0.0007400000000000004	0.0
0.0007500000000000007	0.0
0.0007599999999999996	0.0
0.0007699999999999999	0.0
0.0007800000000000002	0.0
0.0007900000000000004	0.2
0.0007999999999999994	0.0
0.0008099999999999996	0.0
0.00082	0.0
0.0008300000000000002	-0.2
0.0008400000000000005	0.2
0.0008499999999999994	0.0
0.0008599999999999997	0.0
0.00087	0.0
0.0008800000000000002	0.2
0.0008900000000000006	0.0
0.0008999999999999994	0.0
0.0009099999999999998	0.0
0.00092	0.0
0.0009300000000000003	0.2
0.0009400000000000006	0.0
0.0009499999999999995	0.0
0.0009599999999999998	0.0
0.00097	0.0
0.0009800000000000004	0.0
0.0009900000000000006	0.0
0.0009999999999999996	0.0
0.0010099999999999998	0.0
0.00102	0.0
0.0010300000000000003	0.0
0.0010400000000000008	0.0
0.0010499999999999995	0.0
0.00106	0.0
0.0010700000000000002	0.0
0.0010800000000000004	0.0
0.0010900000000000007	0.2
0.0010999999999999996	0.0
0.0011099999999999999	0.2
0.0011200000000000001	0.0
0.0011300000000000006	0.0
0.0011399999999999993	0.0
0.0011499999999999998	0.0
0.00116	0.0
0.0011700000000000002	-0.2
0.0011800000000000005	0.0
0.0011899999999999994	0.0
0.0011999999999999997	0.0
0.0012100000000000001	0.0
0.0012200000000000004	0.0
0.0012300000000000006	-0.2
0.0012399999999999996	0.0
0.0012499999999999998	0.0
0.00126	0.0
0.0012700000000000003	0.0
0.0012800000000000008	0.0
0.0012899999999999995	0.0
0.0013	0.0
0.0013100000000000002	0.0
0.0013200000000000004	-0.2
0.0013300000000000007	0.0
0.0013399999999999996	0.0
0.0013499999999999999	0.0
0.00136	-0.2
0.0013700000000000006	-0.2
0.0013800000000000008	-0.2
0.0013899999999999997	-0.2
0.0014	0.0
0.0014100000000000002	-0.2
0.0014200000000000005	-0.2
0.0014299999999999994	-0.2
0.0014399999999999997	-0.2
0.00145	-0.2
0.0014600000000000004	-0.2
0.0014700000000000006	-0.2
0.0014799999999999995	-0.2
0.0014899999999999998	-0.2
0.0015	-0.2
0.0015100000000000003	-0.2
0.0015200000000000005	-0.2
0.0015299999999999995	-0.2
0.0015399999999999997	-0.4
0.0015500000000000002	-0.2
0.0015600000000000004	-0.2
0.0015700000000000006	-0.2
0.0015799999999999996	-0.2
0.0015899999999999998	-0.2
0.0016	-0.2
0.0016100000000000003	-0.4
0.0016200000000000008	-0.2
0.0016299999999999995	-0.2
0.00164	-0.2
0.0016500000000000002	-0.4
0.0016600000000000005	-0.4
0.0016700000000000007	-0.4
0.0016799999999999996	-0.4
0.0016899999999999999	-0.4
0.0017000000000000001	-0.4
0.0017100000000000006	-0.4
0.0017199999999999993	-0.4
0.0017299999999999998	-0.4
0.00174	-0.4
0.0017500000000000003	-0.4
0.0017600000000000005	-0.4
0.0017699999999999994	-0.6
0.0017799999999999997	-0.4
0.00179	-0.4
0.0018000000000000004	-0.4
0.0018100000000000006	-0.6
0.0018199999999999996	-0.4
0.0018299999999999998	-0.4
0.00184	-0.4
0.0018500000000000003	-0.4
0.0018600000000000005	-0.6
0.0018699999999999995	-0.6
0.0018799999999999997	-0.6
0.0018900000000000002	-0.6
0.0019000000000000004	-0.8
0.0019100000000000007	-0.8
0.0019199999999999996	-0.8
0.0019299999999999999	-0.8
0.00194	-0.8
0.0019500000000000003	-1.0
0.001960000000000001	-1.0
0.0019699999999999995	-1.0
0.00198	-1.0
0.00199	-1.0
0.0020000000000000005	-1.2
0.002010000000000001	-1.0
0.0020199999999999997	-1.2
0.00203	-1.4
0.00204	-1.2
0.0020500000000000006	-1.6
0.0020599999999999993	-1.6
0.00207	-1.6
0.00208	-1.6
0.0020900000000000003	-1.6
0.0021000000000000007	-1.8
0.0021099999999999995	-2.0
0.00212	-2.0
0.00213	-2.2
0.0021400000000000004	-2.2
0.0021500000000000004	-2.4
0.0021599999999999996	-2.4
0.0021699999999999996	-2.6
0.00218	-2.8
0.0021900000000000005	-3.0
0.0022000000000000006	-3.0
0.0022099999999999997	-3.2
0.0022199999999999998	-3.2
0.00223	-3.6
0.0022400000000000002	-3.6
0.0022500000000000007	-3.6
0.0022599999999999994	-3.8
0.00227	-3.8
0.0022800000000000003	-4.0
0.0022900000000000004	-4.2
0.002300000000000001	-4.0
0.0023099999999999996	-4.2
0.00232	-4.2
0.00233	-4.4
0.0023400000000000005	-4.2
0.0023499999999999997	-4.4
0.0023599999999999997	-4.6
0.00237	-4.6
0.00238	-4.4
0.0023900000000000006	-4.4
0.0023999999999999994	-4.4
0.00241	-4.4
0.0024200000000000003	-4.6
0.0024300000000000003	-4.6
0.0024400000000000008	-4.6
0.0024499999999999995	-4.6
0.00246	-4.4
0.00247	-4.6
0.0024800000000000004	-4.6
0.002490000000000001	-4.6
0.0024999999999999996	-4.6
0.00251	-4.6
0.00252	-4.6
0.0025300000000000006	-4.6
0.0025400000000000006	-4.6
0.0025499999999999997	-4.6
0.0025599999999999998	-4.6
0.0025700000000000002	-4.6
0.0025800000000000007	-4.8
0.0025900000000000007	-4.6
0.0026	-4.6
0.00261	-4.6
0.0026200000000000004	-4.6
0.0026300000000000004	-4.6
0.002640000000000001	-4.6
0.0026499999999999996	-4.6
0.00266	-4.6
0.0026700000000000005	-4.6
0.0026800000000000005	-4.6
0.0026899999999999997	-4.6
0.0026999999999999997	-4.6
0.00271	-4.8
0.00272	-4.6
0.0027300000000000007	-4.6
0.0027399999999999994	-4.6
0.00275	-4.8
0.0027600000000000003	-4.6
0.0027700000000000003	-4.6
0.002780000000000001	-4.6
0.0027899999999999995	-4.6
0.0028	-4.6
0.00281	-4.6
0.0028200000000000005	-4.6
0.002830000000000001	-4.6
0.0028399999999999996	-4.6
0.00285	-4.6
0.00286	-4.6
0.0028700000000000006	-4.6
0.0028800000000000006	-4.6
0.0028899999999999998	-4.6
0.0029	-4.6
0.0029100000000000003	-4.6
0.0029200000000000007	-4.6
0.0029300000000000007	-4.6
0.00294	-4.6
0.00295	-4.6
0.0029600000000000004	-4.6
0.0029700000000000004	-4.6
0.0029799999999999996	-4.6
0.0029899999999999996	-4.6
0.003	-4.6
0.0030100000000000005	-4.6
0.0030200000000000005	-4.6
0.0030299999999999997	-4.4
0.0030399999999999997	-4.6
0.00305	-4.6
0.0030600000000000002	-4.4
0.0030700000000000007	-4.6
0.0030799999999999994	-4.6
0.00309	-4.6
0.0031000000000000003	-4.6
0.0031100000000000004	-4.4
0.003120000000000001	-4.6
0.0031299999999999995	-4.6
0.00314	-4.6
0.00315	-4.6
0.0031600000000000005	-4.6
0.003170000000000001	-4.4
0.0031799999999999997	-4.6
0.00319	-4.6
0.0032	-4.6
0.0032100000000000006	-4.6
0.0032200000000000006	-4.6
0.00323	-4.6
0.00324	-4.6
0.0032500000000000003	-4.6
0.0032600000000000007	-4.6
0.0032700000000000008	-4.6
0.00328	-4.4
0.00329	-4.4
0.0033000000000000004	-4.4
0.0033100000000000004	-4.6
0.0033199999999999996	-4.4
0.0033299999999999996	-4.6
0.00334	-4.4
0.0033500000000000005	-4.4
0.0033600000000000006	-4.6
0.0033699999999999997	-4.4
0.0033799999999999998	-4.4
0.0033900000000000002	-4.4
0.0034000000000000002	-4.6
0.0034100000000000007	-4.4
0.0034199999999999994	-4.6
0.00343	-4.4
0.0034400000000000003	-4.6
0.0034500000000000004	-4.6
0.003460000000000001	-4.6
0.0034699999999999996	-4.4
0.00348	-4.4
0.00349	-4.4
0.0035000000000000005	-4.4
0.003510000000000001	-4.4
0.0035199999999999997	-4.6
0.00353	-4.6
0.00354	-4.4
0.0035500000000000006	-4.4
0.0035600000000000007	-4.4
0.00357	-4.4
0.00358	-4.4
0.0035900000000000003	-4.4
0.0036000000000000008	-4.4
0.0036099999999999995	-4.4
0.00362	-4.4
0.00363	-4.4
0.0036400000000000004	-4.6
0.0036500000000000005	-4.4
0.0036599999999999996	-4.4
0.0036699999999999997	-4.4
0.00368	-4.6
0.0036900000000000006	-4.4
0.0037000000000000006	-4.4
0.0037099999999999998	-4.4
0.0037199999999999998	-4.4
0.0037300000000000002	-4.4
0.0037400000000000003	-4.4
0.0037500000000000007	-4.4
0.0037599999999999995	-4.4
0.00377	-4.4
0.0037800000000000004	-4.4
0.0037900000000000004	-4.4
0.003800000000000001	-4.4
0.0038099999999999996	-4.4
0.00382	-4.4
0.00383	-4.4
0.0038400000000000005	-4.4
0.003850000000000001	-4.6
0.0038599999999999997	-4.4
0.00387	-4.4
0.00388	-4.4
0.0038900000000000007	-4.4
0.0039000000000000007	-4.4
0.003909999999999999	-4.4
0.00392	-4.4
0.00393	-4.4
0.003940000000000001	-4.4
0.0039499999999999995	-4.4
0.00396	-4.4
0.0039700000000000004	-4.4
0.00398	-4.4
0.0039900000000000005	-4.4
0.003999999999999999	-4.2
0.00401	-4.2
0.00402	-4.4
0.004030000000000001	-4.2
0.004040000000000001	-4.2
0.00405	-4.2
0.00406	-4.4
0.00407	-4.4
0.00408	-4.4
0.004090000000000001	-4.4
0.0040999999999999995	-4.4
0.00411	-4.4
0.00412	-4.4
0.004130000000000001	-4.4
0.0041400000000000005	-4.2
0.00415	-4.4
0.00416	-4.4
0.00417	-4.4
0.0041800000000000006	-4.4
0.004190000000000001	-4.2
0.0042	-4.2
0.00421	-4.4
0.004220000000000001	-4.4
0.00423	-4.2
0.00424	-4.4
0.0042499999999999994	-4.4
0.00426	-4.2
0.00427	-4.4
0.004280000000000001	-4.4
0.0042899999999999995	-4.4
0.0043	-4.2
0.0043100000000000005	-4.2
0.00432	-4.4
0.0043300000000000005	-4.2
0.004339999999999999	-4.2
0.00435	-4.2
0.00436	-4.4
0.004370000000000001	-4.4
0.004380000000000001	-4.4
0.00439	-4.2
0.0044	-4.2
0.00441	-4.2
0.00442	-4.4
0.004430000000000001	-4.4
0.0044399999999999995	-4.4
0.00445	-4.2
0.00446	-4.2
0.004470000000000001	-4.4
0.0044800000000000005	-4.4
0.00449	-4.4
0.0045	-4.4
0.00451	-4.2
0.004520000000000001	-4.2
0.004530000000000001	-4.4
0.00454	-4.2
0.00455	-4.4
0.004560000000000001	-4.2
0.00457	-4.2
0.00458	-4.2
0.0045899999999999995	-4.2
0.0046	-4.4
0.00461	-4.2
0.004620000000000001	-4.4
0.00463	-4.4
0.00464	-4.2
0.0046500000000000005	-4.2
0.00466	-4.2
0.0046700000000000005	-4.2
0.004679999999999999	-4.2
0.00469	-4.4
0.0047	-4.2
0.004710000000000001	-4.2
0.004720000000000001	-4.2
0.00473	-4.0
0.00474	-4.2
0.004750000000000001	-4.2
0.00476	-4.4
0.004770000000000001	-4.2
0.0047799999999999995	-4.2
0.00479	-4.2
0.0048000000000000004	-4.2
0.004810000000000001	-4.2
0.004820000000000001	-4.2
0.00483	-4.2
0.0048400000000000006	-4.2
0.00485	-4.2
0.004860000000000001	-4.2
0.004869999999999999	-4.4
0.00488	-4.2
0.00489	-4.0
0.004900000000000001	-4.2
0.004910000000000001	-4.2
0.00492	-4.2
0.00493	-4.0
0.00494	-4.0
0.00495	-4.2
0.004960000000000001	-4.2
0.00497	-4.0
0.00498	-4.0
0.0049900000000000005	-4.2
0.005000000000000001	-4.2
0.0050100000000000006	-4.2
0.00502	-4.2
0.00503	-4.0
0.00504	-4.0
0.005050000000000001	-4.0
0.005060000000000001	-4.2
0.00507	-4.2
0.00508	-4.2
0.005090000000000001	-4.0
0.0051	-4.0
0.005110000000000001	-4.0
0.0051199999999999996	-4.0
0.00513	-4.2
0.0051400000000000005	-4.0
0.005150000000000001	-4.2
0.00516	-4.2
0.00517	-4.0
0.005180000000000001	-4.2
0.00519	-4.2
0.005200000000000001	-4.2
0.005209999999999999	-4.2
0.00522	-4.0
0.00523	-4.0
0.005240000000000001	-4.0
0.005250000000000001	-4.2
0.00526	-4.0
0.00527	-4.0
0.00528	-4.0
0.00529	-4.0
0.005300000000000001	-4.2
0.00531	-4.2
0.00532	-4.0
0.0053300000000000005	-4.2
0.005340000000000001	-4.0
0.005350000000000001	-4.0
0.00536	-4.2
0.00537	-4.2
0.00538	-4.0
0.005390000000000001	-4.0
0.005400000000000001	-4.0
0.00541	-4.2
0.00542	-3.8
0.005430000000000001	-4.0
0.00544	-4.0
0.005450000000000001	-4.0
0.00546	-4.0
0.00547	-4.0
0.0054800000000000005	-4.2
0.005490000000000001	-4.0
0.0055	-4.0
0.00551	-4.0
0.005520000000000001	-4.0
0.00553	-4.0
0.005540000000000001	-4.0
0.005549999999999999	-4.0
0.00556	-4.0
0.00557	-4.0
0.005580000000000001	-4.0
0.005590000000000001	-4.0
0.0056	-4.0
0.00561	-4.0
0.00562	-4.0
0.0056300000000000005	-4.0
0.005640000000000001	-4.0
0.00565	-4.2
0.00566	-4.0
0.0056700000000000006	-4.0
0.005680000000000001	-4.0
0.005690000000000001	-4.0
0.0057	-4.0
0.00571	-4.0
0.00572	-4.0
0.005730000000000001	-4.0
0.005740000000000001	-4.0
0.00575	-3.8
0.00576	-4.0
0.005770000000000001	-4.0
0.00578	-4.0
0.00579	-4.0
0.0058	-4.0
0.00581	-4.0
0.0058200000000000005	-4.0
0.005830000000000001	-4.0
0.00584	-4.0
0.00585	-4.0
0.005860000000000001	-4.0
0.00587	-4.0
0.005880000000000001	-4.0
0.005889999999999999	-4.0
0.0059	-3.8
0.00591	-4.0
0.005920000000000001	-4.0
0.005930000000000001	-4.0
0.00594	-4.0
0.00595	-3.8
0.00596	-4.0
0.0059700000000000005	-4.0
0.005980000000000001	-4.0
0.00599	-3.8
0.006	-4.0
0.006010000000000001	-4.0
0.006020000000000001	-3.8
0.006030000000000001	-3.8
0.00604	-4.0
0.00605	-4.0
0.00606	-4.0
0.006070000000000001	-4.0
0.006080000000000001	-4.0
0.00609	-4.0
0.0061	-4.0
0.006110000000000001	-3.8
0.0061200000000000004	-3.8
0.00613	-4.0
0.00614	-3.8
0.00615	-4.0
0.0061600000000000005	-3.8
0.006170000000000001	-3.8
0.00618	-4.0
0.00619	-4.0
0.006200000000000001	-4.0
0.00621	-3.8
0.006220000000000001	-4.0
0.006229999999999999	-4.0
0.00624	-4.0
0.00625	-3.8
0.006260000000000001	-4.0
0.006270000000000001	-4.0
0.00628	-3.8
0.0062900000000000005	-4.0
0.0063	-3.8
0.0063100000000000005	-3.8
0.006320000000000001	-3.8
0.00633	-3.8
0.00634	-4.0
0.006350000000000001	-3.8
0.006359999999999999	-3.8
0.006370000000000001	-3.8
0.00638	-4.0
0.00639	-3.8
0.0064	-3.8
0.006409999999999999	-3.8
0.006420000000000001	-4.0
0.00643	-3.8
0.00644	-3.8
0.006450000000000001	-4.0
0.00646	-4.0
0.006470000000000001	-3.8
0.00648	-4.0
0.00649	-3.8
0.006500000000000001	-3.8
0.006509999999999999	-3.8
0.0065200000000000015	-4.0
0.00653	-3.8
0.006540000000000001	-3.8
0.00655	-4.0
0.00656	-4.0
0.006570000000000001	-4.0
0.00658	-3.8
0.00659	-3.8
0.006600000000000001	-3.8
0.0066099999999999996	-3.8
0.006620000000000001	-3.8
0.0066300000000000005	-3.8
0.00664	-4.0
0.0066500000000000005	-3.8
0.006659999999999999	-3.8
0.0066700000000000014	-3.8
0.00668	-4.0
0.006690000000000001	-3.8
0.006700000000000001	-3.8
0.00671	-3.8
0.006720000000000001	-3.8
0.00673	-3.8
0.00674	-3.8
0.006750000000000001	-3.8
0.0067599999999999995	-3.8
0.006770000000000002	-4.0
0.0067800000000000004	-3.8
0.006790000000000001	-3.8
0.0068000000000000005	-3.8
0.00681	-3.8
0.00682	-3.8
0.00683	-3.8
0.006840000000000001	-3.8
0.006850000000000001	-4.0
0.00686	-3.8
0.00687	-3.8
0.006880000000000001	-3.8
0.00689	-3.8
0.006900000000000001	-3.8
0.0069099999999999995	-3.8
0.00692	-3.8
0.00693	-3.8
0.006940000000000001	-3.8
0.006950000000000001	-3.8
0.00696	-3.8
0.0069700000000000005	-3.8
0.00698	-3.8
0.00699	-3.8
0.007000000000000001	-3.8
0.00701	-3.8
0.00702	-3.8
0.007030000000000001	-3.8
0.007039999999999999	-3.8
0.007050000000000001	-3.8
0.00706	-3.8
0.00707	-3.8
0.00708	-3.6
0.007089999999999999	-3.8
0.007100000000000001	-3.8
0.00711	-3.6
0.0071200000000000005	-3.8
0.007130000000000001	-3.8
0.00714	-3.8
0.007150000000000001	-3.8
0.00716	-3.8
0.00717	-3.8
0.007180000000000001	-3.8
0.007189999999999999	-3.8
0.0072000000000000015	-3.8
0.00721	-3.8
0.007220000000000001	-3.8
0.00723	-3.8
0.00724	-3.8
0.007250000000000001	-3.6
0.00726	-3.8
0.00727	-3.8
0.007280000000000001	-3.8
0.00729	-3.6
0.007300000000000001	-3.8
0.0073100000000000005	-3.6
0.00732	-3.8
0.007330000000000001	-3.6
0.007339999999999999	-3.6
0.0073500000000000015	-3.8
0.00736	-3.8
0.007370000000000001	-3.8
0.007380000000000001	-3.6
0.00739	-3.8
0.007400000000000001	-3.8
0.00741	-3.8
0.00742	-3.6
0.007430000000000001	-3.8
0.0074399999999999996	-3.6
0.00745	-3.8
0.0074600000000000005	-3.8
0.007470000000000001	-3.6
0.0074800000000000005	-3.8
0.00749	-3.6
0.0075	-3.6
0.00751	-3.8
0.007520000000000001	-3.8
0.007530000000000001	-3.8
0.00754	-3.8
0.00755	-3.6
0.007560000000000001	-3.8
0.00757	-3.8
0.007580000000000001	-3.8
0.0075899999999999995	-3.6
0.0076	-3.6
0.0076100000000000004	-3.6
0.007619999999999999	-3.8
0.007630000000000001	-3.8
0.00764	-3.6
0.0076500000000000005	-3.8
0.00766	-3.8
0.00767	-3.6
0.007680000000000001	-3.6
0.00769	-3.6
0.0077	-3.8
0.007710000000000001	-3.8
0.007719999999999999	-3.6
0.007730000000000001	-3.8
0.00774	-3.8
0.00775	-3.8
0.00776	-3.6
0.007769999999999999	-3.6
0.007780000000000001	-3.8
0.00779	-3.8
0.0078000000000000005	-3.6
0.007810000000000001	-3.6
0.007819999999999999	-3.6
0.007830000000000002	-3.6
0.00784	-3.6
0.007850000000000001	-3.8
0.00786	-3.6
0.00787	-3.6
0.007880000000000002	-3.8
0.00789	-3.8
0.0079	-3.6
0.00791	-3.8
0.00792	-3.6
0.007930000000000001	-3.8
0.007940000000000001	-3.6
0.00795	-3.6
0.00796	-3.6
0.00797	-3.6
0.007980000000000001	-3.6
0.00799	-3.6
0.008	-3.8
0.008010000000000001	-3.6
0.00802	-3.6
0.00803	-3.6
0.00804	-3.6
0.00805	-3.6
0.008060000000000001	-3.8
0.008069999999999999	-3.6
0.00808	-3.6
0.00809	-3.6
0.008100000000000001	-3.6
0.008110000000000001	-3.4
0.00812	-3.6
0.00813	-3.6
0.00814	-3.6
0.008150000000000001	-3.6
0.00816	-3.6
0.00817	-3.8
0.00818	-3.8
0.008190000000000001	-3.6
0.0082	-3.6
0.00821	-3.4
0.00822	-3.6
0.00823	-3.6
0.00824	-3.6
0.008249999999999999	-3.6
0.008260000000000002	-3.6
0.00827	-3.6
0.008280000000000001	-3.6
0.00829	-3.6
0.0083	-3.6
0.008310000000000001	-3.6
0.00832	-3.6
0.00833	-3.4
0.00834	-3.6
0.00835	-3.4
0.008360000000000001	-3.6
0.00837	-3.4
0.00838	-3.6
0.00839	-3.6
0.0084	-3.6
0.00841	-3.6
0.00842	-3.6
0.00843	-3.6
0.008440000000000001	-3.6
0.00845	-3.6
0.00846	-3.6
0.00847	-3.6
0.00848	-3.6
0.008490000000000001	-3.4
0.008499999999999999	-3.6
0.008510000000000002	-3.6
0.00852	-3.6
0.008530000000000001	-3.6
0.00854	-3.6
0.00855	-3.4
0.008560000000000002	-3.6
0.00857	-3.6
0.00858	-3.6
0.00859	-3.6
0.0086	-3.6
0.008610000000000001	-3.4
0.008620000000000001	-3.6
0.00863	-3.4
0.00864	-3.6
0.00865	-3.4
0.008660000000000001	-3.4
0.00867	-3.6
0.00868	-3.6
0.008690000000000002	-3.6
0.0087	-3.4
0.00871	-3.6
0.00872	-3.6
0.00873	-3.6
0.008740000000000001	-3.4
0.008749999999999999	-3.4
0.00876	-3.4
0.00877	-3.6
0.008780000000000001	-3.6
0.008790000000000001	-3.4
0.0088	-3.6
0.00881	-3.4
0.00882	-3.6
0.00883	-3.4
0.00884	-3.6
0.00885	-3.6
0.00886	-3.6
0.008870000000000001	-3.6
0.008879999999999999	-3.6
0.00889	-3.6
0.0089	-3.4
0.00891	-3.4
0.00892	-3.4
0.008929999999999999	-3.4
0.008940000000000002	-3.6
0.00895	-3.6
0.008960000000000001	-3.4
0.00897	-3.6
0.00898	-3.6
0.008990000000000001	-3.4
0.009	-3.6
0.00901	-3.4
0.00902	-3.4
0.00903	-3.4
0.009040000000000001	-3.4
0.00905	-3.6
0.00906	-3.4
0.00907	-3.4
0.00908	-3.4
0.00909	-3.6
0.0091	-3.4
0.00911	-3.6
0.009120000000000001	-3.4
0.00913	-3.4
0.00914	-3.4
0.00915	-3.4
0.00916	-3.4
0.009170000000000001	-3.4
0.009179999999999999	-3.4
0.009190000000000002	-3.4
0.0092	-3.6
0.009210000000000001	-3.4
0.00922	-3.4
0.00923	-3.6
0.009240000000000002	-3.4
0.00925	-3.6
0.009260000000000001	-3.4
0.00927	-3.4
0.00928	-3.6
0.009290000000000001	-3.6
0.009300000000000001	-3.6
0.00931	-3.4
0.00932	-3.4
0.00933	-3.6
0.00934	-3.6
0.00935	-3.4
0.00936	-3.4
0.009370000000000002	-3.4
0.00938	-3.4
0.00939	-3.4
0.0094	-3.4
0.009410000000000002	-3.4
0.009420000000000001	-3.4
0.009430000000000001	-3.4
0.00944	-3.4
0.00945	-3.4
0.009460000000000001	-3.2
0.009470000000000001	-3.4
0.00948	-3.4
0.00949	-3.4
0.009500000000000001	-3.4
0.009510000000000001	-3.4
0.00952	-3.4
0.00953	-3.4
0.00954	-3.4
0.009550000000000001	-3.4
0.00956	-3.4
0.009570000000000002	-3.6
0.00958	-3.4
0.009590000000000001	-3.4
0.009600000000000001	-3.4
0.00961	-3.2
0.009620000000000002	-3.4
0.00963	-3.4
0.009640000000000001	-3.6
0.00965	-3.4
0.00966	-3.4
0.009670000000000002	-3.4
0.009680000000000001	-3.6
0.00969	-3.4
0.0097	-3.4
0.00971	-3.4
0.009720000000000001	-3.4
0.00973	-3.2
0.00974	-3.4
0.009750000000000002	-3.4
0.00976	-3.6
0.009770000000000001	-3.4
0.00978	-3.4
0.00979	-3.2
0.009800000000000001	-3.4
0.00981	-3.4
0.00982	-3.4
0.00983	-3.4
0.009840000000000002	-3.4
0.009850000000000001	-3.4
0.00986	-3.4
0.00987	-3.4
0.00988	-3.4
0.009890000000000001	-3.4
0.0099	-3.4
0.00991	-3.4
0.00992	-3.2
0.009930000000000001	-3.4
0.009940000000000001	-3.4
0.00995	-3.4
0.00996	-3.2
0.00997	-3.2
0.009980000000000001	-3.4
0.00999	-3.4
0.010000000000000002	-3.4
0.01001	-3.4
0.010020000000000001	-3.2
0.01003	-3.4
0.01004	-3.2
0.010050000000000002	-3.2
0.01006	-3.4
0.01007	-3.4
0.01008	-3.4
0.010090000000000002	-3.2
0.010100000000000001	-3.4
0.010110000000000001	-3.4
0.01012	-3.4
0.01013	-3.4
0.010140000000000001	-3.2
0.010150000000000001	-3.4
0.01016	-3.4
0.01017	-3.4
0.010180000000000002	-3.4
0.010190000000000001	-3.4
0.0102	-3.4
0.01021	-3.4
0.01022	-3.4
0.010230000000000001	-3.4
0.01024	-3.4
0.010250000000000002	-3.2
0.01026	-3.2
0.010270000000000001	-3.2
0.010280000000000001	-3.2
0.01029	-3.4
0.010300000000000002	-3.4
0.01031	-3.2
0.010320000000000001	-3.2
0.01033	-3.4
0.01034	-3.2
0.010350000000000002	-3.2
0.010360000000000001	-3.2
0.01037	-3.4
0.01038	-3.4
0.01039	-3.2
0.0104	-3.4
0.01041	-3.4
0.01042	-3.2
0.010430000000000002	-3.4
0.01044	-3.2
0.010450000000000001	-3.4
0.01046	-3.4
0.01047	-3.2
0.010480000000000001	-3.2
0.01049	-3.2
0.0105	-3.4
0.01051	-3.4
0.010520000000000002	-3.2
0.010530000000000001	-3.2
0.01054	-3.2
0.01055	-3.4
0.01056	-3.2
0.010570000000000001	-3.2
0.01058	-3.2
0.01059	-3.4
0.0106	-3.2
0.010610000000000001	-3.4
0.010620000000000001	-3.2
0.01063	-3.4
0.01064	-3.2
0.01065	-3.4
0.010660000000000001	-3.4
0.01067	-3.2
0.010680000000000002	-3.2
0.01069	-3.2
0.010700000000000001	-3.4
0.01071	-3.4
0.01072	-3.2
0.010730000000000002	-3.2
0.01074	-3.2
0.010750000000000001	-3.2
0.01076	-3.4
0.010770000000000002	-3.2
0.010780000000000001	-3.4
0.010790000000000001	-3.4
0.0108	-3.2
0.01081	-3.2
0.010820000000000001	-3.2
0.010830000000000001	-3.2
0.01084	-3.2
0.01085	-3.2
0.010860000000000002	-3.4
0.010870000000000001	-3.2
0.01088	-3.4
0.01089	-3.2
0.0109	-3.4
0.010910000000000001	-3.2
0.01092	-3.2
0.010930000000000002	-3.2
0.01094	-3.4
0.010950000000000001	-3.2
0.010960000000000001	-3.2
0.01097	-3.4
0.01098	-3.2
0.01099	-3.4
0.011000000000000001	-3.4
0.01101	-3.2
0.01102	-3.2
0.01103	-3.2
0.011040000000000001	-3.2
0.01105	-3.4
0.01106	-3.4
0.01107	-3.2
0.01108	-3.2
0.011090000000000001	-3.2
0.0111	-3.2
0.011110000000000002	-3.2
0.01112	-3.2
0.011130000000000001	-3.2
0.01114	-3.4
0.01115	-3.2
0.011160000000000002	-3.2
0.01117	-3.2
0.01118	-3.2
0.01119	-3.4
0.011200000000000002	-3.2
0.011210000000000001	-3.2
0.01122	-3.2
0.01123	-3.2
0.01124	-3.2
0.011250000000000001	-3.2
0.011260000000000001	-3.2
0.01127	-3.2
0.01128	-3.2
0.011290000000000001	-3.2
0.011300000000000001	-3.2
0.01131	-3.2
0.01132	-3.2
0.01133	-3.2
0.011340000000000001	-3.2
0.01135	-3.2
0.011360000000000002	-3.2
0.01137	-3.4
0.011380000000000001	-3.2
0.01139	-3.2
0.0114	-3.2
0.011410000000000002	-3.2
0.01142	-3.2
0.011430000000000001	-3.2
0.01144	-3.2
0.011450000000000002	-3.0
0.011460000000000001	-3.2
0.011470000000000001	-3.2
0.01148	-3.2
0.01149	-3.0
0.011500000000000002	-3.2
0.01151	-3.2
0.01152	-3.2
0.01153	-3.2
0.011540000000000002	-3.2
0.011550000000000001	-3.2
0.01156	-3.2
0.01157	-3.0
0.01158	-3.2
0.011590000000000001	-3.2
0.011600000000000001	-3.0
0.01161	-3.2
0.01162	-3.2
0.011630000000000001	-3.2
0.011640000000000001	-3.2
0.01165	-3.2
0.01166	-3.2
0.01167	-3.0
0.011680000000000001	-3.0
0.01169	-3.0
0.0117	-3.0
0.01171	-3.0
0.011720000000000001	-3.2
0.01173	-3.0
0.01174	-3.0
0.01175	-3.0
0.01176	-3.0
0.011770000000000001	-3.0
0.01178	-3.0
0.011790000000000002	-3.0
0.0118	-3.0
0.011810000000000001	-3.0
0.01182	-3.0
0.01183	-3.0
0.011840000000000002	-3.0
0.01185	-3.0
0.01186	-3.0
0.01187	-3.0
0.011880000000000002	-2.8
0.011890000000000001	-2.8
0.0119	-3.0
0.01191	-3.0
0.01192	-2.8
0.011930000000000001	-2.8
0.011940000000000001	-2.8
0.01195	-2.8
0.01196	-2.8
0.011970000000000001	-2.8
0.011980000000000001	-2.8
0.01199	-2.8
0.012	-2.8
0.01201	-2.8
0.012020000000000001	-2.8
0.01203	-2.8
0.012040000000000002	-2.8
0.01205	-2.8
0.012060000000000001	-2.6
0.01207	-2.6
0.01208	-2.6
0.01209	-2.4
0.0121	-2.6
0.012110000000000001	-2.6
0.01212	-2.4
0.012130000000000002	-2.4
0.01214	-2.4
0.012150000000000001	-2.4
0.01216	-2.4
0.01217	-2.2
0.012180000000000002	-2.2
0.01219	-2.0
0.0122	-1.8
0.01221	-2.0
0.012220000000000002	-1.8
0.012230000000000001	-1.6
0.012240000000000001	-1.6
0.01225	-1.6
0.01226	-1.6
0.012270000000000001	-1.4
0.012280000000000001	-1.2
0.01229	-1.2
0.0123	-1.0
0.012310000000000001	-1.0
0.012320000000000001	-1.0
0.01233	-0.6
0.01234	-0.4
0.01235	-0.4
0.012360000000000001	-0.2
0.01237	0.0
0.01238	0.2
0.01239	0.4
0.012400000000000001	0.4
0.012410000000000001	0.6
0.01242	0.8
0.01243	1.0
0.01244	1.2
0.012450000000000001	1.4
0.01246	1.4
0.012470000000000002	1.6
0.01248	1.8
0.012490000000000001	1.8
0.0125	2.0
0.01251	2.0
0.012520000000000002	2.2
0.01253	2.4
0.012540000000000003	2.2
0.01255	2.4
0.01256	2.6
0.012570000000000001	2.6
0.012580000000000001	2.8
0.012590000000000002	2.6
0.0126	2.8
0.01261	3.0
0.012620000000000001	3.0
0.01263	3.0
0.012640000000000002	3.0
0.012650000000000002	3.0
0.01266	3.0
0.01267	3.0
0.01268	3.0
0.012690000000000002	3.0
0.012700000000000001	3.2
0.012709999999999999	3.2
0.012720000000000002	3.2
0.01273	3.2
0.012740000000000001	3.2
0.012750000000000001	3.2
0.01276	3.4
0.012770000000000002	3.2
0.01278	3.4
0.012790000000000003	3.4
0.0128	3.4
0.01281	3.2
0.012820000000000002	3.4
0.012830000000000001	3.2
0.012839999999999999	3.2
0.01285	3.4
0.01286	3.2
0.012870000000000001	3.2
0.01288	3.4
0.012889999999999999	3.2
0.012900000000000002	3.4
0.01291	3.4
0.012920000000000001	3.2
0.01293	3.4
0.01294	3.4
0.012950000000000001	3.2
0.01296	3.4
0.012970000000000002	3.4
0.01298	3.2
0.01299	3.2
0.013000000000000001	3.2
0.01301	3.4
0.013020000000000002	3.2
0.01303	3.4
0.01304	3.2
0.01305	3.2
0.01306	3.2
0.013070000000000002	3.2
0.013080000000000001	3.2
0.01309	3.2
0.0131	3.2
0.01311	3.2
0.013120000000000001	3.2
0.013130000000000001	3.2
0.013139999999999999	3.2
0.013150000000000002	3.2
0.01316	3.2
0.013170000000000001	3.2
0.01318	3.0
0.01319	3.2
0.013200000000000002	3.0
0.01321	3.4
0.013220000000000003	3.2
0.01323	3.0
0.01324	3.2
0.013250000000000001	3.0
0.013260000000000001	3.0
0.013270000000000002	3.2
0.01328	3.0
0.01329	3.0
0.013300000000000001	3.0
0.01331	3.0
0.013320000000000002	3.0
0.013330000000000002	3.2
0.01334	3.0
0.01335	3.0
0.01336	3.2
0.01337	3.0
0.013380000000000001	3.0
0.013389999999999999	3.0
0.013400000000000002	3.0
0.01341	3.0
0.01342	3.0
0.013430000000000001	3.0
0.01344	2.8
0.013450000000000002	3.0
0.01346	3.0
0.01347	3.0
0.01348	3.0
0.01349	3.0
0.013500000000000002	3.0
0.013510000000000001	2.8
0.013519999999999999	3.0
0.01353	3.0
0.01354	3.0
0.013550000000000001	3.0
0.013560000000000001	3.0
0.013569999999999999	2.8
0.013580000000000002	3.0
0.01359	2.8
0.013600000000000001	2.8
0.01361	3.0
0.01362	3.0
0.013630000000000001	3.0
0.01364	3.0
0.013650000000000002	2.8
0.01366	2.8
0.01367	2.8
0.013680000000000001	3.0
0.01369	2.8
0.013700000000000002	3.0
0.01371	2.8
0.01372	2.8
0.013730000000000001	2.6
0.01374	2.8
0.013750000000000002	3.0
0.013760000000000001	2.8
0.01377	2.8
0.01378	2.8
0.01379	2.8
0.013800000000000002	2.6
0.013810000000000001	2.8
0.013819999999999999	2.8
0.013830000000000002	2.8
0.01384	2.6
0.013850000000000001	2.6
0.01386	2.6
0.01387	2.8
0.013880000000000002	2.6
0.01389	2.8
0.013900000000000003	2.8
0.01391	2.8
0.01392	2.8
0.013930000000000001	2.8
0.013940000000000001	2.6
0.013950000000000002	2.6
0.01396	2.6
0.01397	2.6
0.013980000000000001	2.6
0.01399	2.8
0.014000000000000002	2.6
0.014010000000000002	2.6
0.01402	2.6
0.01403	2.6
0.01404	2.6
0.014050000000000002	2.6
0.014060000000000001	2.6
0.01407	2.4
0.014080000000000002	2.6
0.01409	2.6
0.014100000000000001	2.6
0.014110000000000001	2.6
0.01412	2.4
0.014130000000000002	2.6
0.01414	2.6
0.014150000000000003	2.6
0.01416	2.4
0.01417	2.6
0.014180000000000002	2.6
0.014190000000000001	2.6
0.014200000000000003	2.4
0.01421	2.4
0.01422	2.4
0.014230000000000001	2.4
0.014240000000000001	2.4
0.014250000000000002	2.4
0.014260000000000002	2.4
0.01427	2.4
0.014280000000000001	2.6
0.01429	2.4
0.0143	2.6
0.014310000000000002	2.4
0.01432	2.4
0.014330000000000002	2.4
0.01434	2.4
0.01435	2.4
0.014360000000000001	2.4
0.01437	2.4
0.014380000000000002	2.4
0.01439	2.6
0.0144	2.4
0.014410000000000001	2.4
0.01442	2.4
0.014430000000000002	2.4
0.014440000000000001	2.2
0.01445	2.4
0.01446	2.2
0.01447	2.4
0.014480000000000002	2.4
0.014490000000000001	2.4
0.014499999999999999	2.4
0.014510000000000002	2.2
0.01452	2.4
0.01453	2.2
0.01454	2.4
0.01455	2.2
0.014560000000000002	2.4
0.01457	2.4
0.01458	2.4
0.01459	2.4
0.0146	2.4
0.014610000000000001	2.4
0.014620000000000001	2.2
0.014629999999999999	2.2
0.01464	2.2
0.01465	2.2
0.014660000000000001	2.2
0.01467	2.2
0.014679999999999999	2.4
0.014690000000000002	2.2
0.0147	2.4
0.01471	2.2
0.01472	2.2
0.01473	2.2
0.014740000000000001	2.2
0.01475	2.2
0.014760000000000002	2.2
0.01477	2.2
0.01478	2.2
0.014790000000000001	2.2
0.0148	2.2
0.014810000000000002	2.2
0.01482	2.2
0.01483	2.2
0.01484	2.2
0.01485	2.2
0.014860000000000002	2.2
0.014870000000000001	2.2
0.014879999999999999	2.2
0.01489	2.2
0.0149	2.2
0.014910000000000001	2.0
0.014920000000000001	2.2
0.014929999999999999	2.0
0.014940000000000002	2.2
0.01495	2.2
0.014960000000000001	2.2
0.01497	2.0
0.01498	2.2
0.014990000000000002	2.2
0.015	2.0
0.015010000000000003	2.0
0.01502	2.2
0.01503	2.0
0.015040000000000001	2.2
0.015050000000000001	2.0
0.015060000000000002	2.0
0.01507	2.0
0.01508	2.2
0.015090000000000001	2.2
0.0151	2.0
0.015110000000000002	2.0
0.015120000000000001	2.0
0.01513	2.2
0.01514	2.0
0.01515	2.0
0.015160000000000002	2.2
0.015170000000000001	2.0
0.015179999999999999	2.0
0.015190000000000002	2.0
0.0152	2.0
0.015210000000000001	2.0
0.015220000000000001	2.0
0.01523	1.8
0.015240000000000002	2.0
0.01525	1.8
0.015260000000000003	2.2
0.01527	2.0
0.01528	2.0
0.015290000000000002	1.8
0.015300000000000001	1.8
0.015310000000000002	2.0
0.01532	2.0
0.01533	2.0
0.015340000000000001	2.0
0.01535	1.8
0.015360000000000002	1.8
0.015370000000000002	1.8
0.01538	1.8
0.015390000000000001	2.0
0.0154	2.2
0.015410000000000002	2.0
0.015420000000000001	1.8
0.01543	2.0
0.015440000000000002	2.0
0.01545	2.0
0.015460000000000002	1.8
0.015470000000000001	1.8
0.01548	1.8
0.015490000000000002	1.8
0.0155	2.0
0.01551	1.8
0.01552	1.8
0.01553	1.8
0.015540000000000002	1.8
0.015550000000000001	1.8
0.01556	1.8
0.01557	1.8
0.01558	1.8
0.015590000000000001	1.8
0.015600000000000001	1.8
0.015609999999999999	1.8
0.015620000000000002	2.0
0.01563	1.8
0.015639999999999998	1.8
0.01565	1.6
0.015660000000000004	1.8
0.01567	1.8
0.01568	1.8
0.01569	1.6
0.015700000000000002	1.6
0.01571	1.8
0.01572	1.8
0.01573	1.8
0.01574	1.8
0.01575	1.8
0.01576	1.8
0.015770000000000003	1.8
0.01578	1.8
0.01579	1.8
0.0158	1.8
0.01581	1.6
0.01582	1.6
0.01583	1.6
0.01584	1.6
0.01585	1.6
0.01586	1.6
0.015870000000000002	1.6
0.015880000000000002	1.6
0.015889999999999998	1.6
0.0159	1.6
0.01591	1.6
0.01592	1.6
0.01593	1.8
0.01594	1.6
0.015950000000000002	1.6
0.01596	1.6
0.01597	1.6
0.01598	1.6
0.01599	1.8
0.016	1.8
0.01601	1.6
0.016020000000000003	1.8
0.01603	1.6
0.01604	1.6
0.016050000000000002	1.4
0.01606	1.6
0.01607	1.6
0.01608	1.6
0.01609	1.6
0.0161	1.4
0.01611	1.6
0.016120000000000002	1.4
0.016130000000000002	1.6
0.016139999999999998	1.6
0.01615	1.6
0.01616	1.6
0.01617	1.6
0.01618	1.4
0.01619	1.4
0.016200000000000003	1.6
0.01621	1.4
0.016220000000000002	1.4
0.01623	1.6
0.01624	1.4
0.01625	1.4
0.01626	1.6
0.016270000000000003	1.6
0.01628	1.4
0.01629	1.4
0.016300000000000002	1.4
0.01631	1.4
0.01632	1.4
0.01633	1.4
0.01634	1.4
0.01635	1.4
0.01636	1.4
0.016370000000000003	1.4
0.016380000000000002	1.6
0.01639	1.2
0.0164	1.6
0.01641	1.4
0.01642	1.4
0.01643	1.6
0.01644	1.6
0.016450000000000003	1.4
0.01646	1.2
0.016470000000000002	1.2
0.01648	1.4
0.01649	1.2
0.0165	1.2
0.01651	1.2
0.016520000000000003	1.4
0.01653	1.4
0.01654	1.4
0.016550000000000002	1.2
0.016560000000000002	1.4
0.01657	1.4
0.01658	1.4
0.01659	1.2
0.0166	1.4
0.01661	1.2
0.016620000000000003	1.4
0.016630000000000002	1.4
0.01664	1.4
0.01665	1.2
0.01666	1.4
0.01667	1.2
0.01668	1.4
0.01669	1.2
0.016700000000000003	1.2
0.01671	1.4
0.016720000000000002	1.2
0.016730000000000002	1.2
0.01674	1.4
0.01675	1.2
0.01676	1.2
0.016770000000000004	1.2
0.01678	1.4
0.01679	1.2
0.0168	1.2
0.016810000000000002	1.4
0.01682	1.4
0.01683	1.2
0.01684	1.2
0.01685	1.4
0.01686	1.2
0.016870000000000003	1.2
0.016880000000000003	1.2
0.01689	1.2
0.0169	1.2
0.01691	1.2
0.01692	1.2
0.01693	1.4
0.01694	1.2
0.01695	1.2
0.01696	1.2
0.01697	1.2
0.016980000000000002	1.2
0.01699	1.2
0.016999999999999998	1.0
0.01701	1.2
0.01702	1.2
0.01703	1.2
0.01704	1.4
0.01705	1.2
0.017060000000000002	1.0
0.01707	1.2
0.01708	1.2
0.01709	1.2
0.0171	1.2
0.01711	1.2
0.01712	1.2
0.017130000000000003	1.2
0.01714	1.2
0.01715	1.2
0.01716	1.2
0.01717	1.0
0.01718	1.0
0.01719	1.0
0.0172	1.2
0.01721	1.2
0.01722	1.0
0.017230000000000002	1.2
0.017240000000000002	1.2
0.017249999999999998	1.2
0.01726	1.2
0.01727	1.0
0.01728	1.2
0.01729	1.2
0.0173	1.0
0.017310000000000002	1.0
0.01732	1.0
0.01733	1.2
0.01734	0.8
0.01735	1.2
0.01736	1.0
0.01737	1.0
0.017380000000000003	1.0
0.01739	1.2
0.0174	1.2
0.017410000000000002	0.8
0.01742	1.0
0.01743	1.0
0.01744	1.0
0.01745	1.0
0.01746	1.0
0.01747	1.0
0.017480000000000002	1.0
0.017490000000000002	1.0
0.017499999999999998	1.0
0.01751	1.0
0.01752	1.0
0.01753	1.0
0.01754	1.0
0.01755	1.0
0.017560000000000003	1.0
0.01757	1.0
0.017580000000000002	1.0
0.01759	1.2
0.0176	1.0
0.01761	1.0
0.01762	1.0
0.017630000000000003	1.0
0.01764	1.0
0.01765	1.2
0.017660000000000002	1.0
0.01767	0.8
0.01768	0.8
0.01769	1.0
0.0177	1.2
0.01771	0.8
0.01772	1.0
0.017730000000000003	0.8
0.017740000000000002	1.0
0.01775	0.8
0.01776	1.0
0.01777	0.8
0.01778	0.8
0.01779	0.8
0.0178	0.8
0.017810000000000003	0.8
0.01782	0.8
0.017830000000000002	0.8
0.01784	1.0
0.01785	0.8
0.01786	1.0
0.01787	1.0
0.017880000000000004	0.8
0.01789	0.8
0.0179	1.0
0.017910000000000002	1.0
0.017920000000000002	0.8
0.01793	0.8
0.01794	0.8
0.01795	0.8
0.01796	0.8
0.01797	0.8
0.017980000000000003	0.8
0.017990000000000003	0.8
0.018	0.8
0.01801	0.8
0.01802	0.8
0.01803	0.8
0.01804	0.8
0.01805	0.8
0.01806	0.8
0.01807	0.8
0.018080000000000002	0.8
0.018090000000000002	0.8
0.0181	0.8
0.018109999999999998	0.8
0.01812	0.8
0.018130000000000004	0.8
0.01814	0.8
0.01815	0.8
0.01816	0.8
0.018170000000000002	0.6
0.01818	0.8
0.01819	0.8
0.0182	0.6
0.01821	0.8
0.01822	0.8
0.01823	0.8
0.018240000000000003	0.8
0.01825	0.8
0.01826	0.6
0.01827	0.8
0.01828	0.8
0.01829	0.8
0.0183	0.8
0.01831	0.8
0.01832	0.6
0.01833	0.6
0.018340000000000002	0.8
0.01835	0.6
0.018359999999999998	0.8
0.01837	0.8
0.01838	0.8
0.01839	0.8
0.0184	0.8
0.01841	0.8
0.018420000000000002	0.8
0.01843	0.6
0.01844	0.8
0.01845	0.8
0.01846	0.6
0.01847	0.8
0.01848	0.6
0.018490000000000003	0.6
0.0185	0.6
0.01851	0.8
0.018520000000000002	0.8
0.01853	0.6
0.01854	0.6
0.01855	0.8
0.01856	0.6
0.01857	0.6
0.01858	0.4
0.018590000000000002	0.6
0.018600000000000002	0.8
0.018609999999999998	0.6
0.01862	0.8
0.01863	0.6
0.01864	0.6
0.01865	0.6
0.01866	0.4
0.018670000000000003	0.6
0.01868	0.6
0.018690000000000002	0.6
0.0187	0.4
0.01871	0.6
0.01872	0.6
0.01873	0.6
0.018740000000000003	0.6
0.018750000000000003	0.6
0.01876	0.6
0.018770000000000002	0.6
0.01878	0.6
0.01879	0.6
0.0188	0.6
0.01881	0.4
0.018820000000000003	0.6
0.01883	0.6
0.018840000000000003	0.6
0.018850000000000002	0.6
0.018860000000000002	0.6
0.01887	0.6
0.01888	0.6
0.018890000000000004	0.6
0.0189	0.6
0.01891	0.6
0.01892	0.6
0.018930000000000002	0.6
0.018940000000000002	0.6
0.01895	0.6
0.01896	0.4
0.01897	0.6
0.01898	0.6
0.018990000000000003	0.6
0.019000000000000003	0.6
0.01901	0.6
0.01902	0.6
0.019030000000000002	0.6
0.01904	0.6
0.01905	0.6
0.01906	0.6
0.01907	0.4
0.01908	0.6
0.019090000000000003	0.6
0.019100000000000002	0.6
0.019110000000000002	0.6
0.019119999999999998	0.6
0.01913	0.6
0.019140000000000004	0.4
0.01915	0.4
0.01916	0.6
0.01917	0.4
0.019180000000000003	0.6
0.019190000000000002	0.6
0.019200000000000002	0.6
0.01921	0.4
0.01922	0.6
0.01923	0.6
0.019240000000000004	0.6
0.019250000000000003	0.4
0.01926	0.6
0.01927	0.4
0.019280000000000002	0.4
0.01929	0.4
0.0193	0.4
0.01931	0.4
0.01932	0.4
0.01933	0.4
0.019340000000000003	0.6
0.019350000000000003	0.6
0.019360000000000002	0.4
0.01937	0.6
0.01938	0.4
0.019390000000000004	0.6
0.0194	0.4
0.01941	0.4
0.01942	0.4
0.019430000000000003	0.4
0.019440000000000002	0.4
0.019450000000000002	0.4
0.01946	0.4
0.01947	0.4
0.01948	0.4
0.019490000000000004	0.4
0.019500000000000003	0.4
0.01951	0.4
0.01952	0.4
0.019530000000000002	0.4
0.019540000000000002	0.4
0.01955	0.4
0.01956	0.4
0.01957	0.4
0.01958	0.4
0.019590000000000003	0.4
0.019600000000000003	0.4
0.019610000000000002	0.4
0.01962	0.4
0.01963	0.4
0.019640000000000005	0.4
0.01965	0.4
0.01966	0.4
0.01967	0.4
0.019680000000000003	0.4
0.019690000000000003	0.4
0.019700000000000002	0.4
0.019710000000000002	0.2
0.01972	0.4
0.01973	0.2
0.019740000000000004	0.4
0.019750000000000004	0.4
0.01976	0.4
0.01977	0.2
0.019780000000000002	0.4
0.019790000000000002	0.4
0.0198	0.4
0.01981	0.4
0.01982	0.2
0.01983	0.4
0.019840000000000003	0.2
0.019850000000000003	0.4
0.019860000000000003	0.4
0.01987	0.2
0.019880000000000002	0.2
0.01989	0.4
0.0199	0.4
0.01991	0.2
0.01992	0.4
0.019930000000000003	0.4
0.01994	0.2
0.019950000000000002	0.2
0.019960000000000002	0.4
0.01997	0.4
0.01998	0.2
0.01999	0.2
0.020000000000000004	0.2
0.02001	0.2
0.02002	0.2
0.020030000000000003	0.2
0.020040000000000002	0.4
0.020050000000000002	0.2
0.02006	0.4
0.02007	0.4
0.02008	0.2
0.02009	0.4
0.020100000000000003	0.2
0.020110000000000003	0.4
0.02012	0.2
0.020130000000000002	0.2
0.02014	0.2
0.02015	0.4
0.02016	0.2
0.02017	0.2
0.02018	0.2
0.02019	0.2
0.020200000000000003	0.2
0.020210000000000002	0.4
0.020220000000000002	0.2
0.020229999999999998	0.2
0.02024	0.2
0.020250000000000004	0.2
0.02026	0.4
0.02027	0.2
0.02028	0.2
0.020290000000000002	0.2
0.020300000000000002	0.2
0.02031	0.2
0.02032	0.2
0.02033	0.2
0.02034	0.2
0.020350000000000004	0.2
0.020360000000000003	0.2
0.02037	0.4
0.02038	0.2
0.020390000000000002	0.2
0.0204	0.2
0.02041	0.0
0.02042	0.2
0.02043	0.0
0.02044	0.2
0.020450000000000003	0.2
0.020460000000000002	0.2
0.020470000000000002	0.2
0.020479999999999998	0.2
0.02049	0.2
0.020500000000000004	0.2
0.02051	0.0
0.02052	0.2
0.02053	0.2
0.020540000000000003	0.2
0.020550000000000002	0.2
0.020560000000000002	0.2
0.02057	0.2
0.02058	0.2
0.02059	0.2
0.020600000000000004	0.2
0.020610000000000003	0.2
0.02062	0.2
0.02063	0.2
0.020640000000000002	0.2
0.02065	0.2
0.02066	0.2
0.02067	0.2
0.02068	0.2
0.02069	0.0
0.020700000000000003	0.2
0.020710000000000003	0.2
0.020720000000000002	0.2
0.02073	0.2
0.02074	0.0
0.020750000000000005	0.2
0.02076	0.2
0.02077	0.0
0.02078	0.2
0.020790000000000003	0.2
0.020800000000000003	0.2
0.020810000000000002	0.0
0.02082	0.2
0.02083	0.2
0.02084	0.2
0.020850000000000004	0.2
0.020860000000000004	0.0
0.02087	0.0
0.02088	0.0
0.020890000000000002	0.0
0.020900000000000002	0.2
0.02091	0.2
0.02092	0.0
0.02093	0.2
0.02094	0.0
0.020950000000000003	0.0
0.020960000000000003	0.2
0.020970000000000003	0.2
0.02098	0.2
0.02099	0.0
0.021000000000000005	0.0
0.02101	0.0
0.02102	0.2
0.02103	0.0
0.021040000000000003	0.0
0.021050000000000003	0.0
0.021060000000000002	0.0
0.021070000000000002	0.0
0.02108	0.0
0.02109	0.0
0.0211	0.2
0.021110000000000004	0.0
0.02112	0.0
0.02113	0.0
0.021140000000000003	0.2
0.021150000000000002	0.2
0.02116	0.2
0.02117	0.0
0.02118	0.0
0.02119	0.2
0.0212	0.0
0.021210000000000003	-0.2
0.021220000000000003	0.0
0.02123	-0.2
0.021240000000000002	-0.2
0.02125	0.0
0.02126	0.0
0.02127	0.2
0.02128	0.2
0.021290000000000003	0.2
0.0213	0.2
0.021310000000000003	0.0
0.021320000000000002	0.0
0.021330000000000002	0.0
0.02134	0.0
0.02135	0.0
0.021360000000000004	0.0
0.02137	0.0
0.02138	-0.2
0.021390000000000003	0.0
0.021400000000000002	0.0
0.021410000000000002	0.0
0.02142	0.0
0.02143	-0.2
0.02144	0.0
0.02145	-0.2
0.021460000000000003	-0.2
0.021470000000000003	-0.2
0.02148	0.2
0.02149	0.0
0.021500000000000002	0.0
0.02151	-0.2
0.02152	0.0
0.02153	0.0
0.02154	0.0
0.02155	0.0
0.021560000000000003	-0.2
0.021570000000000002	0.0
0.021580000000000002	-0.2
0.021589999999999998	0.0
0.0216	-0.2
0.021610000000000004	0.0
0.02162	-0.2
0.02163	0.0
0.02164	-0.2
0.021650000000000003	0.0
0.021660000000000002	-0.2
0.021670000000000002	0.0
0.02168	-0.2
0.02169	-0.2
0.0217	-0.2
0.021710000000000004	-0.2
0.021720000000000003	-0.2
0.02173	-0.2
0.02174	-0.2
0.021750000000000002	0.0
0.02176	-0.2
0.02177	-0.2
0.02178	-0.2
0.02179	-0.4
0.0218	-0.2
0.021810000000000003	-0.2
0.021820000000000003	-0.2
0.021830000000000002	-0.2
0.02184	-0.2
0.02185	-0.2
0.021860000000000004	-0.2
0.02187	-0.2
0.02188	-0.2
0.02189	-0.2
0.021900000000000003	-0.2
0.021910000000000002	-0.4
0.021920000000000002	-0.2
0.02193	-0.2
0.02194	-0.2
0.02195	-0.2
0.021960000000000004	-0.4
0.021970000000000003	-0.2
0.02198	-0.2
0.02199	-0.4
0.022000000000000002	-0.2
0.022010000000000002	-0.4
0.02202	-0.2
0.02203	-0.4
0.02204	-0.4
0.02205	-0.4
0.022060000000000003	-0.4
0.022070000000000003	-0.4
0.022080000000000002	-0.4
0.02209	-0.4
0.0221	-0.4
0.022110000000000005	-0.4
0.02212	-0.4
0.02213	-0.4
0.02214	-0.6
0.022150000000000003	-0.4
0.022160000000000003	-0.6
0.022170000000000002	-0.6
0.022180000000000002	-0.6
0.02219	-0.6
0.0222	-0.6
0.022210000000000004	-0.6
0.022220000000000004	-0.8
0.02223	-0.8
0.02224	-0.6
0.022250000000000002	-0.8
0.022260000000000002	-0.8
0.02227	-0.8
0.02228	-1.0
0.02229	-0.8
0.0223	-1.0
0.022310000000000003	-1.0
0.022320000000000003	-1.0
0.022330000000000003	-1.0
0.02234	-1.2
0.022350000000000002	-1.0
0.02236	-1.4
0.02237	-1.2
0.02238	-1.4
0.02239	-1.4
0.022400000000000003	-1.6
0.02241	-1.4
0.022420000000000002	-1.6
0.022430000000000002	-1.8
0.02244	-1.8
0.02245	-2.0
0.02246	-2.2
0.022470000000000004	-2.2
0.02248	-2.2
0.02249	-2.4
0.022500000000000003	-2.4
0.022510000000000002	-2.6
0.022520000000000002	-2.6
0.02253	-2.8
0.02254	-3.0
0.02255	-3.2
0.02256	-3.2
0.022570000000000003	-3.4
0.022580000000000003	-3.4
0.02259	-3.8
0.022600000000000002	-3.8
0.02261	-3.8
0.02262	-3.8
0.02263	-4.0
0.02264	-4.0
0.022650000000000003	-4.2
0.02266	-4.4
0.022670000000000003	-4.2
0.022680000000000002	-4.4
0.022690000000000002	-4.4
0.022699999999999998	-4.4
0.02271	-4.4
0.022720000000000004	-4.4
0.02273	-4.6
0.02274	-4.4
0.02275	-4.4
0.022760000000000002	-4.6
0.022770000000000002	-4.6
0.02278	-4.6
0.02279	-4.6
0.0228	-4.6
0.02281	-4.6
0.022820000000000003	-4.8
0.022830000000000003	-4.6
0.02284	-4.6
0.02285	-4.6
0.022860000000000002	-4.6
0.02287	-4.6
0.02288	-4.6
0.02289	-4.6
0.0229	-4.6
0.02291	-4.6
0.022920000000000003	-4.6
0.022930000000000002	-4.6
0.022940000000000002	-4.8
0.022949999999999998	-4.6
0.02296	-4.6
0.022970000000000004	-4.8
0.02298	-4.8
0.02299	-4.8
0.023	-4.6
0.023010000000000003	-4.8
0.023020000000000002	-4.6
0.023030000000000002	-4.6
0.02304	-4.8
0.02305	-4.6
0.02306	-4.8
0.023070000000000004	-4.6
0.023080000000000003	-4.6
0.02309	-4.6
0.0231	-4.6
0.023110000000000002	-4.6
0.02312	-4.6
0.02313	-4.6
0.02314	-4.6
0.02315	-4.6
0.02316	-4.4
0.023170000000000003	-4.6
0.023180000000000003	-4.6
0.023190000000000002	-4.6
0.0232	-4.6
0.02321	-4.6
0.023220000000000005	-4.6
0.02323	-4.8
0.02324	-4.6
0.02325	-4.4
0.023260000000000003	-4.6
0.023270000000000002	-4.6
0.023280000000000002	-4.6
0.02329	-4.6
0.0233	-4.6
0.02331	-4.6
0.023320000000000004	-4.6
0.023330000000000004	-4.6
0.02334	-4.4
0.02335	-4.6
0.023360000000000002	-4.6
0.023370000000000002	-4.6
0.02338	-4.6
0.02339	-4.6
0.0234	-4.6
0.02341	-4.6
0.023420000000000003	-4.4
0.023430000000000003	-4.6
0.023440000000000003	-4.6
0.02345	-4.4
0.02346	-4.4
0.023470000000000005	-4.6
0.02348	-4.6
0.02349	-4.6
0.0235	-4.6
0.023510000000000003	-4.6
0.023520000000000003	-4.6
0.023530000000000002	-4.6
0.023540000000000002	-4.4
0.02355	-4.6
0.02356	-4.4
0.023570000000000004	-4.4
0.023580000000000004	-4.6
0.02359	-4.6
0.0236	-4.6
0.023610000000000003	-4.6
0.023620000000000002	-4.4
0.02363	-4.6
0.02364	-4.6
0.02365	-4.6
0.02366	-4.4
0.02367	-4.4
0.023680000000000003	-4.6
0.023690000000000003	-4.4
0.0237	-4.4
0.023710000000000002	-4.6
0.02372	-4.4
0.02373	-4.6
0.02374	-4.4
0.02375	-4.6
0.023760000000000003	-4.6
0.02377	-4.4
0.023780000000000003	-4.6
0.023790000000000002	-4.4
0.0238	-4.4
0.02381	-4.4
0.02382	-4.4
0.023830000000000004	-4.4
0.02384	-4.4
0.02385	-4.4
0.023860000000000003	-4.4
0.023870000000000002	-4.6
0.023880000000000002	-4.4
0.02389	-4.4
0.0239	-4.4
0.02391	-4.4
0.02392	-4.4
0.023930000000000003	-4.4
0.023940000000000003	-4.6
0.02395	-4.4
0.02396	-4.4
0.02397	-4.4
0.02398	-4.4
0.02399	-4.4
0.024	-4.4
0.02401	-4.4
0.02402	-4.2
0.024030000000000003	-4.4
0.024040000000000002	-4.4
0.024050000000000002	-4.6
0.024059999999999998	-4.6
0.02407	-4.4
0.024080000000000004	-4.6
0.02409	-4.4
0.0241	-4.4
0.02411	-4.4
0.024120000000000003	-4.4
0.024130000000000002	-4.4
0.02414	-4.4
0.02415	-4.4
0.02416	-4.4
0.02417	-4.4
0.024180000000000004	-4.4
0.024190000000000003	-4.4
0.0242	-4.4
0.02421	-4.4
0.024220000000000002	-4.4
0.02423	-4.4
0.02424	-4.4
0.02425	-4.4
0.02426	-4.2
0.02427	-4.4
0.024280000000000003	-4.4
0.024290000000000003	-4.4
0.024300000000000002	-4.4
0.02431	-4.4
0.02432	-4.4
0.024330000000000004	-4.2
0.02434	-4.4
0.02435	-4.4
0.02436	-4.4
0.024370000000000003	-4.4
0.024380000000000002	-4.4
0.024390000000000002	-4.4
0.0244	-4.2
0.02441	-4.4
0.02442	-4.4
0.024430000000000004	-4.4
0.024440000000000003	-4.2
0.02445	-4.4
0.02446	-4.4
0.024470000000000002	-4.4
0.024480000000000002	-4.4
0.02449	-4.4
0.0245	-4.2
0.02451	-4.4
0.02452	-4.4
0.024530000000000003	-4.4
0.024540000000000003	-4.4
0.024550000000000002	-4.4
0.02456	-4.4
0.02457	-4.4
0.024580000000000005	-4.4
0.02459	-4.4
0.0246	-4.2
0.02461	-4.2
0.024620000000000003	-4.4
0.024630000000000003	-4.4
0.024640000000000002	-4.4
0.024650000000000002	-4.4
0.02466	-4.4
0.02467	-4.4
0.024680000000000004	-4.2
0.024690000000000004	-4.4
0.0247	-4.4
0.02471	-4.2
0.024720000000000002	-4.4
0.024730000000000002	-4.2
0.02474	-4.2
0.02475	-4.2
0.02476	-4.4
0.02477	-4.4
0.024780000000000003	-4.2
0.024790000000000003	-4.4
0.024800000000000003	-4.4
0.02481	-4.2
0.024820000000000002	-4.4
0.024830000000000005	-4.2
0.02484	-4.4
0.02485	-4.4
0.02486	-4.2
0.024870000000000003	-4.2
0.02488	-4.2
0.024890000000000002	-4.2
0.024900000000000002	-4.2
0.02491	-4.4
0.02492	-4.2
0.02493	-4.2
0.024940000000000004	-4.2
0.02495	-4.4
0.02496	-4.2
0.024970000000000003	-4.2
0.024980000000000002	-4.4
0.024990000000000002	-4.4
